filename,words
C:/Users/joman/Documents/GitHub/EasyOCR/trainer/all_data/whole/img/data_valid/thai0_Aksaramatee_Regular.png,"FRANKIE'S NY WINGS INC.Owned & Optd by: Frankie's NY Wings Inc.FS-8 Level 4 SM Aura Bonifacio Global CityFort Bonifacio Taguig CityVAT Reg TIN : 009-074-986-00010MIN : 15091811250923388MSN : 8880115010003OFFICIAL RECEIPTREPRINTNo. of Guest: 1                         Official Receipt #: 0000200002Term. #:  1                    Cshr: JAMWALK-IN                                 ----------------------------------------Qty   Description(s)               Price----------------------------------------DINE IN                                  1.00 1 Doz Wings World         348.00 V------------------1 item(s)-------------   Sub Total                      348.00----------------------------------------TOTAL                             348.00Tendered:                                 CASH                            500.00Change:                           152.00----------------------------------------VATable Sales(V)                  310.71VAT Amount                         37.29VAT Exempt Sales(E)                 0.00Zero-Rated Sales(Z)                 0.00----------------------------------------04/27/2017 03:09:43 PMName : _________________________________Address : ______________________________TIN : __________________________________Business Style : _______________________Cyber Frontier Electronics Trading Inc.2 Narra Drive Palmera Hts. San JuanCainta RizalVAT Reg TIN.:006-737-173-00000BIR  Accr. No.: 0460067371730006116867Date Issued:03/01/2013Valid Until.: 07/31/2021PTU No : FP092015-044-0054919-00001Date Issued : 09/24/2015Valid Until : 07/31/2021THIS RECEIPT SHALL BE VALID FOR FIVE (5) YEARS FROM THE DATE OF THE PERMIT USE.This serves as an official receipt.Thank you come again!www.frankiesnywings.comFacebook: frankiesnywingsInstagram/Twitter: frankieswings,1615358026"
C:/Users/joman/Documents/GitHub/EasyOCR/trainer/all_data/whole/img/data_valid/thai0_Athiti_Medium.png,"FRANKIE'S NY WINGS INC.Owned & Optd by: Frankie's NY Wings Inc.FS-8 Level 4 SM Aura Bonifacio Global CityFort Bonifacio Taguig CityVAT Reg TIN : 009-074-986-00010MIN : 15091811250923388MSN : 8880115010003OFFICIAL RECEIPTREPRINTNo. of Guest: 1                         Official Receipt #: 0000200002Term. #:  1                    Cshr: JAMWALK-IN                                 ----------------------------------------Qty   Description(s)               Price----------------------------------------DINE IN                                  1.00 1 Doz Wings World         348.00 V------------------1 item(s)-------------   Sub Total                      348.00----------------------------------------TOTAL                             348.00Tendered:                                 CASH                            500.00Change:                           152.00----------------------------------------VATable Sales(V)                  310.71VAT Amount                         37.29VAT Exempt Sales(E)                 0.00Zero-Rated Sales(Z)                 0.00----------------------------------------04/27/2017 03:09:43 PMName : _________________________________Address : ______________________________TIN : __________________________________Business Style : _______________________Cyber Frontier Electronics Trading Inc.2 Narra Drive Palmera Hts. San JuanCainta RizalVAT Reg TIN.:006-737-173-00000BIR  Accr. No.: 0460067371730006116867Date Issued:03/01/2013Valid Until.: 07/31/2021PTU No : FP092015-044-0054919-00001Date Issued : 09/24/2015Valid Until : 07/31/2021THIS RECEIPT SHALL BE VALID FOR FIVE (5) YEARS FROM THE DATE OF THE PERMIT USE.This serves as an official receipt.Thank you come again!www.frankiesnywings.comFacebook: frankiesnywingsInstagram/Twitter: frankieswings,1615358026"
C:/Users/joman/Documents/GitHub/EasyOCR/trainer/all_data/whole/img/data_valid/thai0_ChulaNarak_Regular.png,"FRANKIE'S NY WINGS INC.Owned & Optd by: Frankie's NY Wings Inc.FS-8 Level 4 SM Aura Bonifacio Global CityFort Bonifacio Taguig CityVAT Reg TIN : 009-074-986-00010MIN : 15091811250923388MSN : 8880115010003OFFICIAL RECEIPTREPRINTNo. of Guest: 1                         Official Receipt #: 0000200002Term. #:  1                    Cshr: JAMWALK-IN                                 ----------------------------------------Qty   Description(s)               Price----------------------------------------DINE IN                                  1.00 1 Doz Wings World         348.00 V------------------1 item(s)-------------   Sub Total                      348.00----------------------------------------TOTAL                             348.00Tendered:                                 CASH                            500.00Change:                           152.00----------------------------------------VATable Sales(V)                  310.71VAT Amount                         37.29VAT Exempt Sales(E)                 0.00Zero-Rated Sales(Z)                 0.00----------------------------------------04/27/2017 03:09:43 PMName : _________________________________Address : ______________________________TIN : __________________________________Business Style : _______________________Cyber Frontier Electronics Trading Inc.2 Narra Drive Palmera Hts. San JuanCainta RizalVAT Reg TIN.:006-737-173-00000BIR  Accr. No.: 0460067371730006116867Date Issued:03/01/2013Valid Until.: 07/31/2021PTU No : FP092015-044-0054919-00001Date Issued : 09/24/2015Valid Until : 07/31/2021THIS RECEIPT SHALL BE VALID FOR FIVE (5) YEARS FROM THE DATE OF THE PERMIT USE.This serves as an official receipt.Thank you come again!www.frankiesnywings.comFacebook: frankiesnywingsInstagram/Twitter: frankieswings,1615358026"
C:/Users/joman/Documents/GitHub/EasyOCR/trainer/all_data/whole/img/data_valid/thai0_Garuda.png,"FRANKIE'S NY WINGS INC.Owned & Optd by: Frankie's NY Wings Inc.FS-8 Level 4 SM Aura Bonifacio Global CityFort Bonifacio Taguig CityVAT Reg TIN : 009-074-986-00010MIN : 15091811250923388MSN : 8880115010003OFFICIAL RECEIPTREPRINTNo. of Guest: 1                         Official Receipt #: 0000200002Term. #:  1                    Cshr: JAMWALK-IN                                 ----------------------------------------Qty   Description(s)               Price----------------------------------------DINE IN                                  1.00 1 Doz Wings World         348.00 V------------------1 item(s)-------------   Sub Total                      348.00----------------------------------------TOTAL                             348.00Tendered:                                 CASH                            500.00Change:                           152.00----------------------------------------VATable Sales(V)                  310.71VAT Amount                         37.29VAT Exempt Sales(E)                 0.00Zero-Rated Sales(Z)                 0.00----------------------------------------04/27/2017 03:09:43 PMName : _________________________________Address : ______________________________TIN : __________________________________Business Style : _______________________Cyber Frontier Electronics Trading Inc.2 Narra Drive Palmera Hts. San JuanCainta RizalVAT Reg TIN.:006-737-173-00000BIR  Accr. No.: 0460067371730006116867Date Issued:03/01/2013Valid Until.: 07/31/2021PTU No : FP092015-044-0054919-00001Date Issued : 09/24/2015Valid Until : 07/31/2021THIS RECEIPT SHALL BE VALID FOR FIVE (5) YEARS FROM THE DATE OF THE PERMIT USE.This serves as an official receipt.Thank you come again!www.frankiesnywings.comFacebook: frankiesnywingsInstagram/Twitter: frankieswings,1615358026"
C:/Users/joman/Documents/GitHub/EasyOCR/trainer/all_data/whole/img/data_valid/thai0_TH_Sarabun_New_Regular.png,"FRANKIE'S NY WINGS INC.Owned & Optd by: Frankie's NY Wings Inc.FS-8 Level 4 SM Aura Bonifacio Global CityFort Bonifacio Taguig CityVAT Reg TIN : 009-074-986-00010MIN : 15091811250923388MSN : 8880115010003OFFICIAL RECEIPTREPRINTNo. of Guest: 1                         Official Receipt #: 0000200002Term. #:  1                    Cshr: JAMWALK-IN                                 ----------------------------------------Qty   Description(s)               Price----------------------------------------DINE IN                                  1.00 1 Doz Wings World         348.00 V------------------1 item(s)-------------   Sub Total                      348.00----------------------------------------TOTAL                             348.00Tendered:                                 CASH                            500.00Change:                           152.00----------------------------------------VATable Sales(V)                  310.71VAT Amount                         37.29VAT Exempt Sales(E)                 0.00Zero-Rated Sales(Z)                 0.00----------------------------------------04/27/2017 03:09:43 PMName : _________________________________Address : ______________________________TIN : __________________________________Business Style : _______________________Cyber Frontier Electronics Trading Inc.2 Narra Drive Palmera Hts. San JuanCainta RizalVAT Reg TIN.:006-737-173-00000BIR  Accr. No.: 0460067371730006116867Date Issued:03/01/2013Valid Until.: 07/31/2021PTU No : FP092015-044-0054919-00001Date Issued : 09/24/2015Valid Until : 07/31/2021THIS RECEIPT SHALL BE VALID FOR FIVE (5) YEARS FROM THE DATE OF THE PERMIT USE.This serves as an official receipt.Thank you come again!www.frankiesnywings.comFacebook: frankiesnywingsInstagram/Twitter: frankieswings,1615358026"
C:/Users/joman/Documents/GitHub/EasyOCR/trainer/all_data/whole/img/data_valid/thai1_Aksaramatee_Regular.png,"FRANKIE'S NY WINGS INC.Owned & Optd by: Frankie's NY Wings Inc.FS-8 Level 4 SM Aura Bonifacio Global CityFort Bonifacio Taguig CityVAT Reg TIN : 009-074-986-00010MIN : 15091811250923388MSN : 8880115010003No. of Guest: 1                         Official Receipt #: 0000215468Terminal No. :   1WALK-IN                                 Cshr: JORALYN                           ----------------------------------------Qty   Description(s)               Price----------------------------------------DINE IN                                  1.00 1/2 DOZ SP W/ BC            188.00 1.00 1/2 DOZ MILD BLUE CHEES     188.00 2.00 Coke - 16 oz                 80.00     @ 40.00                             2.00 Rice                         50.00     @ 25.00                            ------------------6 item(s)-------------   Sub Total                      506.00----------------------------------------TOTAL                             506.00Tendered:                                 AMEX                            506.00Change:                             0.00----------------------------------------   Vatable Sales                  451.79   VAT  12.00%                     54.21   VAT Exempt Sales                 0.00   Zero Rated Sales                 0.00----------------------------------------6/3/2017 20:45:24Card No.    ************369^            Card Holder TAYAM/RANDY A               Bank        BDO                         Dated       19/04                       Appr. Code  439928                      RE-PRINTName : _________________________________Address : ______________________________TIN : __________________________________Cyber Frontier Electronics Trading Inc.2 Narra Drive Palmera Hts. San JuanCainta RizalVAT Reg TIN.:006-737-173-00000BIR  Accr. No.: 0460067371730006116867Date Issued:03/01/2013Valid Until.: 07/31/2020PTU No : FP092015-044-0054919-00001Date Issued : 09/24/2015Valid Until : 09/23/2020THIS RECEIPT SHALL BE VALID FOR FIVE (5) YEARS FROM THE DATE OF THE PERMIT USE.This serves as an official receipt.Thank you come again!WE DELIVER! www.foodpanda.phwww.frankiesnywings.comFacebook: frankiesnywingsInstagram/Twitter: frankieswings,1594456795"
C:/Users/joman/Documents/GitHub/EasyOCR/trainer/all_data/whole/img/data_valid/thai1_Athiti_Medium.png,"FRANKIE'S NY WINGS INC.Owned & Optd by: Frankie's NY Wings Inc.FS-8 Level 4 SM Aura Bonifacio Global CityFort Bonifacio Taguig CityVAT Reg TIN : 009-074-986-00010MIN : 15091811250923388MSN : 8880115010003No. of Guest: 1                         Official Receipt #: 0000215468Terminal No. :   1WALK-IN                                 Cshr: JORALYN                           ----------------------------------------Qty   Description(s)               Price----------------------------------------DINE IN                                  1.00 1/2 DOZ SP W/ BC            188.00 1.00 1/2 DOZ MILD BLUE CHEES     188.00 2.00 Coke - 16 oz                 80.00     @ 40.00                             2.00 Rice                         50.00     @ 25.00                            ------------------6 item(s)-------------   Sub Total                      506.00----------------------------------------TOTAL                             506.00Tendered:                                 AMEX                            506.00Change:                             0.00----------------------------------------   Vatable Sales                  451.79   VAT  12.00%                     54.21   VAT Exempt Sales                 0.00   Zero Rated Sales                 0.00----------------------------------------6/3/2017 20:45:24Card No.    ************369^            Card Holder TAYAM/RANDY A               Bank        BDO                         Dated       19/04                       Appr. Code  439928                      RE-PRINTName : _________________________________Address : ______________________________TIN : __________________________________Cyber Frontier Electronics Trading Inc.2 Narra Drive Palmera Hts. San JuanCainta RizalVAT Reg TIN.:006-737-173-00000BIR  Accr. No.: 0460067371730006116867Date Issued:03/01/2013Valid Until.: 07/31/2020PTU No : FP092015-044-0054919-00001Date Issued : 09/24/2015Valid Until : 09/23/2020THIS RECEIPT SHALL BE VALID FOR FIVE (5) YEARS FROM THE DATE OF THE PERMIT USE.This serves as an official receipt.Thank you come again!WE DELIVER! www.foodpanda.phwww.frankiesnywings.comFacebook: frankiesnywingsInstagram/Twitter: frankieswings,1594456795"
C:/Users/joman/Documents/GitHub/EasyOCR/trainer/all_data/whole/img/data_valid/thai1_ChulaNarak_Regular.png,"FRANKIE'S NY WINGS INC.Owned & Optd by: Frankie's NY Wings Inc.FS-8 Level 4 SM Aura Bonifacio Global CityFort Bonifacio Taguig CityVAT Reg TIN : 009-074-986-00010MIN : 15091811250923388MSN : 8880115010003No. of Guest: 1                         Official Receipt #: 0000215468Terminal No. :   1WALK-IN                                 Cshr: JORALYN                           ----------------------------------------Qty   Description(s)               Price----------------------------------------DINE IN                                  1.00 1/2 DOZ SP W/ BC            188.00 1.00 1/2 DOZ MILD BLUE CHEES     188.00 2.00 Coke - 16 oz                 80.00     @ 40.00                             2.00 Rice                         50.00     @ 25.00                            ------------------6 item(s)-------------   Sub Total                      506.00----------------------------------------TOTAL                             506.00Tendered:                                 AMEX                            506.00Change:                             0.00----------------------------------------   Vatable Sales                  451.79   VAT  12.00%                     54.21   VAT Exempt Sales                 0.00   Zero Rated Sales                 0.00----------------------------------------6/3/2017 20:45:24Card No.    ************369^            Card Holder TAYAM/RANDY A               Bank        BDO                         Dated       19/04                       Appr. Code  439928                      RE-PRINTName : _________________________________Address : ______________________________TIN : __________________________________Cyber Frontier Electronics Trading Inc.2 Narra Drive Palmera Hts. San JuanCainta RizalVAT Reg TIN.:006-737-173-00000BIR  Accr. No.: 0460067371730006116867Date Issued:03/01/2013Valid Until.: 07/31/2020PTU No : FP092015-044-0054919-00001Date Issued : 09/24/2015Valid Until : 09/23/2020THIS RECEIPT SHALL BE VALID FOR FIVE (5) YEARS FROM THE DATE OF THE PERMIT USE.This serves as an official receipt.Thank you come again!WE DELIVER! www.foodpanda.phwww.frankiesnywings.comFacebook: frankiesnywingsInstagram/Twitter: frankieswings,1594456795"
C:/Users/joman/Documents/GitHub/EasyOCR/trainer/all_data/whole/img/data_valid/thai1_Garuda.png,"FRANKIE'S NY WINGS INC.Owned & Optd by: Frankie's NY Wings Inc.FS-8 Level 4 SM Aura Bonifacio Global CityFort Bonifacio Taguig CityVAT Reg TIN : 009-074-986-00010MIN : 15091811250923388MSN : 8880115010003No. of Guest: 1                         Official Receipt #: 0000215468Terminal No. :   1WALK-IN                                 Cshr: JORALYN                           ----------------------------------------Qty   Description(s)               Price----------------------------------------DINE IN                                  1.00 1/2 DOZ SP W/ BC            188.00 1.00 1/2 DOZ MILD BLUE CHEES     188.00 2.00 Coke - 16 oz                 80.00     @ 40.00                             2.00 Rice                         50.00     @ 25.00                            ------------------6 item(s)-------------   Sub Total                      506.00----------------------------------------TOTAL                             506.00Tendered:                                 AMEX                            506.00Change:                             0.00----------------------------------------   Vatable Sales                  451.79   VAT  12.00%                     54.21   VAT Exempt Sales                 0.00   Zero Rated Sales                 0.00----------------------------------------6/3/2017 20:45:24Card No.    ************369^            Card Holder TAYAM/RANDY A               Bank        BDO                         Dated       19/04                       Appr. Code  439928                      RE-PRINTName : _________________________________Address : ______________________________TIN : __________________________________Cyber Frontier Electronics Trading Inc.2 Narra Drive Palmera Hts. San JuanCainta RizalVAT Reg TIN.:006-737-173-00000BIR  Accr. No.: 0460067371730006116867Date Issued:03/01/2013Valid Until.: 07/31/2020PTU No : FP092015-044-0054919-00001Date Issued : 09/24/2015Valid Until : 09/23/2020THIS RECEIPT SHALL BE VALID FOR FIVE (5) YEARS FROM THE DATE OF THE PERMIT USE.This serves as an official receipt.Thank you come again!WE DELIVER! www.foodpanda.phwww.frankiesnywings.comFacebook: frankiesnywingsInstagram/Twitter: frankieswings,1594456795"
C:/Users/joman/Documents/GitHub/EasyOCR/trainer/all_data/whole/img/data_valid/thai1_TH_Sarabun_New_Regular.png,"FRANKIE'S NY WINGS INC.Owned & Optd by: Frankie's NY Wings Inc.FS-8 Level 4 SM Aura Bonifacio Global CityFort Bonifacio Taguig CityVAT Reg TIN : 009-074-986-00010MIN : 15091811250923388MSN : 8880115010003No. of Guest: 1                         Official Receipt #: 0000215468Terminal No. :   1WALK-IN                                 Cshr: JORALYN                           ----------------------------------------Qty   Description(s)               Price----------------------------------------DINE IN                                  1.00 1/2 DOZ SP W/ BC            188.00 1.00 1/2 DOZ MILD BLUE CHEES     188.00 2.00 Coke - 16 oz                 80.00     @ 40.00                             2.00 Rice                         50.00     @ 25.00                            ------------------6 item(s)-------------   Sub Total                      506.00----------------------------------------TOTAL                             506.00Tendered:                                 AMEX                            506.00Change:                             0.00----------------------------------------   Vatable Sales                  451.79   VAT  12.00%                     54.21   VAT Exempt Sales                 0.00   Zero Rated Sales                 0.00----------------------------------------6/3/2017 20:45:24Card No.    ************369^            Card Holder TAYAM/RANDY A               Bank        BDO                         Dated       19/04                       Appr. Code  439928                      RE-PRINTName : _________________________________Address : ______________________________TIN : __________________________________Cyber Frontier Electronics Trading Inc.2 Narra Drive Palmera Hts. San JuanCainta RizalVAT Reg TIN.:006-737-173-00000BIR  Accr. No.: 0460067371730006116867Date Issued:03/01/2013Valid Until.: 07/31/2020PTU No : FP092015-044-0054919-00001Date Issued : 09/24/2015Valid Until : 09/23/2020THIS RECEIPT SHALL BE VALID FOR FIVE (5) YEARS FROM THE DATE OF THE PERMIT USE.This serves as an official receipt.Thank you come again!WE DELIVER! www.foodpanda.phwww.frankiesnywings.comFacebook: frankiesnywingsInstagram/Twitter: frankieswings,1594456795"
C:/Users/joman/Documents/GitHub/EasyOCR/trainer/all_data/whole/img/data_valid/thai2_Aksaramatee_Regular.png,"FRANKIE'S NY WINGS INC.Owned & Optd by: Frankie's NY Wings Inc.FS-8 Level 4 SM Aura Bonifacio Global CityFort Bonifacio Taguig CityVAT Reg TIN : 009-074-986-00010MIN : 15091811250923388MSN : 8880115010003OFFICIAL RECEIPTREPRINTNo. of Guest: 1                         Official Receipt #: 0000221969Term. #:  1                Cshr: JORALYNWALK-IN                                 ----------------------------------------Qty   Description(s)               Price----------------------------------------DINE IN                                  2.00 Rice                       50.00 V     @ 25.00                            ------------------2 item(s)-------------   Sub Total                       50.00----------------------------------------TOTAL                              50.00Tendered:                                 CASH                             50.00Change:                             0.00----------------------------------------VATable Sales(V)                   44.64VAT Amount                          5.36VAT Exempt Sales(E)                 0.00Zero-Rated Sales(Z)                 0.00----------------------------------------06/19/2017 12:24:18 PMName : _________________________________Address : ______________________________TIN : __________________________________Business Style : _______________________Cyber Frontier Electronics Trading Inc.2 Narra Drive Palmera Hts. San JuanCainta RizalVAT Reg TIN.:006-737-173-00000BIR  Accr. No.: 0460067371730006116867Date Issued:03/01/2013Valid Until.: 07/31/2021PTU No : FP092015-044-0054919-00001Date Issued : 09/24/2015Valid Until : 07/31/2021THIS RECEIPT SHALL BE VALID FOR FIVE (5) YEARS FROM THE DATE OF THE PERMIT USE.This serves as an official receipt.Thank you come again!www.frankiesnywings.comFacebook: frankiesnywingsInstagram/Twitter: frankieswings,1613376832"
C:/Users/joman/Documents/GitHub/EasyOCR/trainer/all_data/whole/img/data_valid/thai2_Athiti_Medium.png,"FRANKIE'S NY WINGS INC.Owned & Optd by: Frankie's NY Wings Inc.FS-8 Level 4 SM Aura Bonifacio Global CityFort Bonifacio Taguig CityVAT Reg TIN : 009-074-986-00010MIN : 15091811250923388MSN : 8880115010003OFFICIAL RECEIPTREPRINTNo. of Guest: 1                         Official Receipt #: 0000221969Term. #:  1                Cshr: JORALYNWALK-IN                                 ----------------------------------------Qty   Description(s)               Price----------------------------------------DINE IN                                  2.00 Rice                       50.00 V     @ 25.00                            ------------------2 item(s)-------------   Sub Total                       50.00----------------------------------------TOTAL                              50.00Tendered:                                 CASH                             50.00Change:                             0.00----------------------------------------VATable Sales(V)                   44.64VAT Amount                          5.36VAT Exempt Sales(E)                 0.00Zero-Rated Sales(Z)                 0.00----------------------------------------06/19/2017 12:24:18 PMName : _________________________________Address : ______________________________TIN : __________________________________Business Style : _______________________Cyber Frontier Electronics Trading Inc.2 Narra Drive Palmera Hts. San JuanCainta RizalVAT Reg TIN.:006-737-173-00000BIR  Accr. No.: 0460067371730006116867Date Issued:03/01/2013Valid Until.: 07/31/2021PTU No : FP092015-044-0054919-00001Date Issued : 09/24/2015Valid Until : 07/31/2021THIS RECEIPT SHALL BE VALID FOR FIVE (5) YEARS FROM THE DATE OF THE PERMIT USE.This serves as an official receipt.Thank you come again!www.frankiesnywings.comFacebook: frankiesnywingsInstagram/Twitter: frankieswings,1613376832"
C:/Users/joman/Documents/GitHub/EasyOCR/trainer/all_data/whole/img/data_valid/thai2_ChulaNarak_Regular.png,"FRANKIE'S NY WINGS INC.Owned & Optd by: Frankie's NY Wings Inc.FS-8 Level 4 SM Aura Bonifacio Global CityFort Bonifacio Taguig CityVAT Reg TIN : 009-074-986-00010MIN : 15091811250923388MSN : 8880115010003OFFICIAL RECEIPTREPRINTNo. of Guest: 1                         Official Receipt #: 0000221969Term. #:  1                Cshr: JORALYNWALK-IN                                 ----------------------------------------Qty   Description(s)               Price----------------------------------------DINE IN                                  2.00 Rice                       50.00 V     @ 25.00                            ------------------2 item(s)-------------   Sub Total                       50.00----------------------------------------TOTAL                              50.00Tendered:                                 CASH                             50.00Change:                             0.00----------------------------------------VATable Sales(V)                   44.64VAT Amount                          5.36VAT Exempt Sales(E)                 0.00Zero-Rated Sales(Z)                 0.00----------------------------------------06/19/2017 12:24:18 PMName : _________________________________Address : ______________________________TIN : __________________________________Business Style : _______________________Cyber Frontier Electronics Trading Inc.2 Narra Drive Palmera Hts. San JuanCainta RizalVAT Reg TIN.:006-737-173-00000BIR  Accr. No.: 0460067371730006116867Date Issued:03/01/2013Valid Until.: 07/31/2021PTU No : FP092015-044-0054919-00001Date Issued : 09/24/2015Valid Until : 07/31/2021THIS RECEIPT SHALL BE VALID FOR FIVE (5) YEARS FROM THE DATE OF THE PERMIT USE.This serves as an official receipt.Thank you come again!www.frankiesnywings.comFacebook: frankiesnywingsInstagram/Twitter: frankieswings,1613376832"
C:/Users/joman/Documents/GitHub/EasyOCR/trainer/all_data/whole/img/data_valid/thai2_Garuda.png,"FRANKIE'S NY WINGS INC.Owned & Optd by: Frankie's NY Wings Inc.FS-8 Level 4 SM Aura Bonifacio Global CityFort Bonifacio Taguig CityVAT Reg TIN : 009-074-986-00010MIN : 15091811250923388MSN : 8880115010003OFFICIAL RECEIPTREPRINTNo. of Guest: 1                         Official Receipt #: 0000221969Term. #:  1                Cshr: JORALYNWALK-IN                                 ----------------------------------------Qty   Description(s)               Price----------------------------------------DINE IN                                  2.00 Rice                       50.00 V     @ 25.00                            ------------------2 item(s)-------------   Sub Total                       50.00----------------------------------------TOTAL                              50.00Tendered:                                 CASH                             50.00Change:                             0.00----------------------------------------VATable Sales(V)                   44.64VAT Amount                          5.36VAT Exempt Sales(E)                 0.00Zero-Rated Sales(Z)                 0.00----------------------------------------06/19/2017 12:24:18 PMName : _________________________________Address : ______________________________TIN : __________________________________Business Style : _______________________Cyber Frontier Electronics Trading Inc.2 Narra Drive Palmera Hts. San JuanCainta RizalVAT Reg TIN.:006-737-173-00000BIR  Accr. No.: 0460067371730006116867Date Issued:03/01/2013Valid Until.: 07/31/2021PTU No : FP092015-044-0054919-00001Date Issued : 09/24/2015Valid Until : 07/31/2021THIS RECEIPT SHALL BE VALID FOR FIVE (5) YEARS FROM THE DATE OF THE PERMIT USE.This serves as an official receipt.Thank you come again!www.frankiesnywings.comFacebook: frankiesnywingsInstagram/Twitter: frankieswings,1613376832"
C:/Users/joman/Documents/GitHub/EasyOCR/trainer/all_data/whole/img/data_valid/thai2_TH_Sarabun_New_Regular.png,"FRANKIE'S NY WINGS INC.Owned & Optd by: Frankie's NY Wings Inc.FS-8 Level 4 SM Aura Bonifacio Global CityFort Bonifacio Taguig CityVAT Reg TIN : 009-074-986-00010MIN : 15091811250923388MSN : 8880115010003OFFICIAL RECEIPTREPRINTNo. of Guest: 1                         Official Receipt #: 0000221969Term. #:  1                Cshr: JORALYNWALK-IN                                 ----------------------------------------Qty   Description(s)               Price----------------------------------------DINE IN                                  2.00 Rice                       50.00 V     @ 25.00                            ------------------2 item(s)-------------   Sub Total                       50.00----------------------------------------TOTAL                              50.00Tendered:                                 CASH                             50.00Change:                             0.00----------------------------------------VATable Sales(V)                   44.64VAT Amount                          5.36VAT Exempt Sales(E)                 0.00Zero-Rated Sales(Z)                 0.00----------------------------------------06/19/2017 12:24:18 PMName : _________________________________Address : ______________________________TIN : __________________________________Business Style : _______________________Cyber Frontier Electronics Trading Inc.2 Narra Drive Palmera Hts. San JuanCainta RizalVAT Reg TIN.:006-737-173-00000BIR  Accr. No.: 0460067371730006116867Date Issued:03/01/2013Valid Until.: 07/31/2021PTU No : FP092015-044-0054919-00001Date Issued : 09/24/2015Valid Until : 07/31/2021THIS RECEIPT SHALL BE VALID FOR FIVE (5) YEARS FROM THE DATE OF THE PERMIT USE.This serves as an official receipt.Thank you come again!www.frankiesnywings.comFacebook: frankiesnywingsInstagram/Twitter: frankieswings,1613376832"
C:/Users/joman/Documents/GitHub/EasyOCR/trainer/all_data/whole/img/data_valid/thai3_Aksaramatee_Regular.png,"FRANKIE'S NY WINGS INC.Owned & Optd by: Frankie's NY Wings Inc.FS-8 Level 4 SM Aura Bonifacio Global CityFort Bonifacio Taguig CityVAT Reg TIN : 009-074-986-00010MIN : 15091811250923388MSN : 8880115010003OFFICIAL RECEIPTREPRINTNo. of Guest: 1                         Official Receipt #: 0000222222Term. #:  1                    Cshr: JAMWALK-IN                                 ----------------------------------------Qty   Description(s)               Price----------------------------------------DINE IN                                  1.00 1/2 Doz Garlic Parmesan   188.00 V 1.00 1/2 DOZ MILD BLUE CHEES   188.00 V 2.00 Rice                       50.00 V     @ 25.00                             2.00 MINERAL WATER - 500 ML     70.00 V     @ 35.00                            ------------------6 item(s)-------------   Sub Total                      496.00----------------------------------------TOTAL                             496.00Tendered:                                 CASH                          1,000.00Change:                           504.00----------------------------------------VATable Sales(V)                  442.86VAT Amount                         53.14VAT Exempt Sales(E)                 0.00Zero-Rated Sales(Z)                 0.00----------------------------------------06/20/2017 11:39:56 AMName : _________________________________Address : ______________________________TIN : __________________________________Business Style : _______________________Cyber Frontier Electronics Trading Inc.2 Narra Drive Palmera Hts. San JuanCainta RizalVAT Reg TIN.:006-737-173-00000BIR  Accr. No.: 0460067371730006116867Date Issued:03/01/2013Valid Until.: 07/31/2021PTU No : FP092015-044-0054919-00001Date Issued : 09/24/2015Valid Until : 07/31/2021THIS RECEIPT SHALL BE VALID FOR FIVE (5) YEARS FROM THE DATE OF THE PERMIT USE.This serves as an official receipt.Thank you come again!www.frankiesnywings.comFacebook: frankiesnywingsInstagram/Twitter: frankieswings,1615357991"
C:/Users/joman/Documents/GitHub/EasyOCR/trainer/all_data/whole/img/data_valid/thai3_Athiti_Medium.png,"FRANKIE'S NY WINGS INC.Owned & Optd by: Frankie's NY Wings Inc.FS-8 Level 4 SM Aura Bonifacio Global CityFort Bonifacio Taguig CityVAT Reg TIN : 009-074-986-00010MIN : 15091811250923388MSN : 8880115010003OFFICIAL RECEIPTREPRINTNo. of Guest: 1                         Official Receipt #: 0000222222Term. #:  1                    Cshr: JAMWALK-IN                                 ----------------------------------------Qty   Description(s)               Price----------------------------------------DINE IN                                  1.00 1/2 Doz Garlic Parmesan   188.00 V 1.00 1/2 DOZ MILD BLUE CHEES   188.00 V 2.00 Rice                       50.00 V     @ 25.00                             2.00 MINERAL WATER - 500 ML     70.00 V     @ 35.00                            ------------------6 item(s)-------------   Sub Total                      496.00----------------------------------------TOTAL                             496.00Tendered:                                 CASH                          1,000.00Change:                           504.00----------------------------------------VATable Sales(V)                  442.86VAT Amount                         53.14VAT Exempt Sales(E)                 0.00Zero-Rated Sales(Z)                 0.00----------------------------------------06/20/2017 11:39:56 AMName : _________________________________Address : ______________________________TIN : __________________________________Business Style : _______________________Cyber Frontier Electronics Trading Inc.2 Narra Drive Palmera Hts. San JuanCainta RizalVAT Reg TIN.:006-737-173-00000BIR  Accr. No.: 0460067371730006116867Date Issued:03/01/2013Valid Until.: 07/31/2021PTU No : FP092015-044-0054919-00001Date Issued : 09/24/2015Valid Until : 07/31/2021THIS RECEIPT SHALL BE VALID FOR FIVE (5) YEARS FROM THE DATE OF THE PERMIT USE.This serves as an official receipt.Thank you come again!www.frankiesnywings.comFacebook: frankiesnywingsInstagram/Twitter: frankieswings,1615357991"
C:/Users/joman/Documents/GitHub/EasyOCR/trainer/all_data/whole/img/data_valid/thai3_ChulaNarak_Regular.png,"FRANKIE'S NY WINGS INC.Owned & Optd by: Frankie's NY Wings Inc.FS-8 Level 4 SM Aura Bonifacio Global CityFort Bonifacio Taguig CityVAT Reg TIN : 009-074-986-00010MIN : 15091811250923388MSN : 8880115010003OFFICIAL RECEIPTREPRINTNo. of Guest: 1                         Official Receipt #: 0000222222Term. #:  1                    Cshr: JAMWALK-IN                                 ----------------------------------------Qty   Description(s)               Price----------------------------------------DINE IN                                  1.00 1/2 Doz Garlic Parmesan   188.00 V 1.00 1/2 DOZ MILD BLUE CHEES   188.00 V 2.00 Rice                       50.00 V     @ 25.00                             2.00 MINERAL WATER - 500 ML     70.00 V     @ 35.00                            ------------------6 item(s)-------------   Sub Total                      496.00----------------------------------------TOTAL                             496.00Tendered:                                 CASH                          1,000.00Change:                           504.00----------------------------------------VATable Sales(V)                  442.86VAT Amount                         53.14VAT Exempt Sales(E)                 0.00Zero-Rated Sales(Z)                 0.00----------------------------------------06/20/2017 11:39:56 AMName : _________________________________Address : ______________________________TIN : __________________________________Business Style : _______________________Cyber Frontier Electronics Trading Inc.2 Narra Drive Palmera Hts. San JuanCainta RizalVAT Reg TIN.:006-737-173-00000BIR  Accr. No.: 0460067371730006116867Date Issued:03/01/2013Valid Until.: 07/31/2021PTU No : FP092015-044-0054919-00001Date Issued : 09/24/2015Valid Until : 07/31/2021THIS RECEIPT SHALL BE VALID FOR FIVE (5) YEARS FROM THE DATE OF THE PERMIT USE.This serves as an official receipt.Thank you come again!www.frankiesnywings.comFacebook: frankiesnywingsInstagram/Twitter: frankieswings,1615357991"
C:/Users/joman/Documents/GitHub/EasyOCR/trainer/all_data/whole/img/data_valid/thai3_Garuda.png,"FRANKIE'S NY WINGS INC.Owned & Optd by: Frankie's NY Wings Inc.FS-8 Level 4 SM Aura Bonifacio Global CityFort Bonifacio Taguig CityVAT Reg TIN : 009-074-986-00010MIN : 15091811250923388MSN : 8880115010003OFFICIAL RECEIPTREPRINTNo. of Guest: 1                         Official Receipt #: 0000222222Term. #:  1                    Cshr: JAMWALK-IN                                 ----------------------------------------Qty   Description(s)               Price----------------------------------------DINE IN                                  1.00 1/2 Doz Garlic Parmesan   188.00 V 1.00 1/2 DOZ MILD BLUE CHEES   188.00 V 2.00 Rice                       50.00 V     @ 25.00                             2.00 MINERAL WATER - 500 ML     70.00 V     @ 35.00                            ------------------6 item(s)-------------   Sub Total                      496.00----------------------------------------TOTAL                             496.00Tendered:                                 CASH                          1,000.00Change:                           504.00----------------------------------------VATable Sales(V)                  442.86VAT Amount                         53.14VAT Exempt Sales(E)                 0.00Zero-Rated Sales(Z)                 0.00----------------------------------------06/20/2017 11:39:56 AMName : _________________________________Address : ______________________________TIN : __________________________________Business Style : _______________________Cyber Frontier Electronics Trading Inc.2 Narra Drive Palmera Hts. San JuanCainta RizalVAT Reg TIN.:006-737-173-00000BIR  Accr. No.: 0460067371730006116867Date Issued:03/01/2013Valid Until.: 07/31/2021PTU No : FP092015-044-0054919-00001Date Issued : 09/24/2015Valid Until : 07/31/2021THIS RECEIPT SHALL BE VALID FOR FIVE (5) YEARS FROM THE DATE OF THE PERMIT USE.This serves as an official receipt.Thank you come again!www.frankiesnywings.comFacebook: frankiesnywingsInstagram/Twitter: frankieswings,1615357991"
C:/Users/joman/Documents/GitHub/EasyOCR/trainer/all_data/whole/img/data_valid/thai3_TH_Sarabun_New_Regular.png,"FRANKIE'S NY WINGS INC.Owned & Optd by: Frankie's NY Wings Inc.FS-8 Level 4 SM Aura Bonifacio Global CityFort Bonifacio Taguig CityVAT Reg TIN : 009-074-986-00010MIN : 15091811250923388MSN : 8880115010003OFFICIAL RECEIPTREPRINTNo. of Guest: 1                         Official Receipt #: 0000222222Term. #:  1                    Cshr: JAMWALK-IN                                 ----------------------------------------Qty   Description(s)               Price----------------------------------------DINE IN                                  1.00 1/2 Doz Garlic Parmesan   188.00 V 1.00 1/2 DOZ MILD BLUE CHEES   188.00 V 2.00 Rice                       50.00 V     @ 25.00                             2.00 MINERAL WATER - 500 ML     70.00 V     @ 35.00                            ------------------6 item(s)-------------   Sub Total                      496.00----------------------------------------TOTAL                             496.00Tendered:                                 CASH                          1,000.00Change:                           504.00----------------------------------------VATable Sales(V)                  442.86VAT Amount                         53.14VAT Exempt Sales(E)                 0.00Zero-Rated Sales(Z)                 0.00----------------------------------------06/20/2017 11:39:56 AMName : _________________________________Address : ______________________________TIN : __________________________________Business Style : _______________________Cyber Frontier Electronics Trading Inc.2 Narra Drive Palmera Hts. San JuanCainta RizalVAT Reg TIN.:006-737-173-00000BIR  Accr. No.: 0460067371730006116867Date Issued:03/01/2013Valid Until.: 07/31/2021PTU No : FP092015-044-0054919-00001Date Issued : 09/24/2015Valid Until : 07/31/2021THIS RECEIPT SHALL BE VALID FOR FIVE (5) YEARS FROM THE DATE OF THE PERMIT USE.This serves as an official receipt.Thank you come again!www.frankiesnywings.comFacebook: frankiesnywingsInstagram/Twitter: frankieswings,1615357991"
C:/Users/joman/Documents/GitHub/EasyOCR/trainer/all_data/whole/img/data_valid/thai4_Aksaramatee_Regular.png,"FRANKIE'S NY WINGS INC.Owned & Optd by: Frankie's NY Wings Inc.FS-8 Level 4 SM Aura Bonifacio Global CityFort Bonifacio Taguig CityVAT Reg TIN : 009-074-986-00010MIN : 15091811250923388MSN : 8880115010003OFFICIAL RECEIPTREPRINTNo. of Guest: 1                         Official Receipt #: 0000229336Term. #:  1                    Cshr: JAMWALK-IN                                 ----------------------------------------Qty   Description(s)               Price----------------------------------------DINE IN                                  1.00 1/2 DOZ GARLIC PARMESAN   199.00 V 1.00 RICE                       30.00 V 1.00 Coke - 16 oz               40.00 V 1.00 MINERAL WATER - 500 ML     35.00 V------------------4 item(s)-------------   Sub Total                      304.00----------------------------------------TOTAL                             304.00Tendered:                                 CASH                          1,000.00Change:                           696.00----------------------------------------VATable Sales(V)                  271.43VAT Amount                         32.57VAT Exempt Sales(E)                 0.00Zero-Rated Sales(Z)                 0.00----------------------------------------07/08/2017 03:55:33 PMName : _________________________________Address : ______________________________TIN : __________________________________Business Style : _______________________Cyber Frontier Electronics Trading Inc.2 Narra Drive Palmera Hts. San JuanCainta RizalVAT Reg TIN.:006-737-173-00000BIR  Accr. No.: 0460067371730006116867Date Issued:03/01/2013Valid Until.: 07/31/2021PTU No : FP092015-044-0054919-00001Date Issued : 09/24/2015Valid Until : 07/31/2021THIS RECEIPT SHALL BE VALID FOR FIVE (5) YEARS FROM THE DATE OF THE PERMIT USE.This serves as an official receipt.Thank you come again!www.frankiesnywings.comFacebook: frankiesnywingsInstagram/Twitter: frankieswings,1621244665"
C:/Users/joman/Documents/GitHub/EasyOCR/trainer/all_data/whole/img/data_valid/thai4_Athiti_Medium.png,"FRANKIE'S NY WINGS INC.Owned & Optd by: Frankie's NY Wings Inc.FS-8 Level 4 SM Aura Bonifacio Global CityFort Bonifacio Taguig CityVAT Reg TIN : 009-074-986-00010MIN : 15091811250923388MSN : 8880115010003OFFICIAL RECEIPTREPRINTNo. of Guest: 1                         Official Receipt #: 0000229336Term. #:  1                    Cshr: JAMWALK-IN                                 ----------------------------------------Qty   Description(s)               Price----------------------------------------DINE IN                                  1.00 1/2 DOZ GARLIC PARMESAN   199.00 V 1.00 RICE                       30.00 V 1.00 Coke - 16 oz               40.00 V 1.00 MINERAL WATER - 500 ML     35.00 V------------------4 item(s)-------------   Sub Total                      304.00----------------------------------------TOTAL                             304.00Tendered:                                 CASH                          1,000.00Change:                           696.00----------------------------------------VATable Sales(V)                  271.43VAT Amount                         32.57VAT Exempt Sales(E)                 0.00Zero-Rated Sales(Z)                 0.00----------------------------------------07/08/2017 03:55:33 PMName : _________________________________Address : ______________________________TIN : __________________________________Business Style : _______________________Cyber Frontier Electronics Trading Inc.2 Narra Drive Palmera Hts. San JuanCainta RizalVAT Reg TIN.:006-737-173-00000BIR  Accr. No.: 0460067371730006116867Date Issued:03/01/2013Valid Until.: 07/31/2021PTU No : FP092015-044-0054919-00001Date Issued : 09/24/2015Valid Until : 07/31/2021THIS RECEIPT SHALL BE VALID FOR FIVE (5) YEARS FROM THE DATE OF THE PERMIT USE.This serves as an official receipt.Thank you come again!www.frankiesnywings.comFacebook: frankiesnywingsInstagram/Twitter: frankieswings,1621244665"
C:/Users/joman/Documents/GitHub/EasyOCR/trainer/all_data/whole/img/data_valid/thai4_ChulaNarak_Regular.png,"FRANKIE'S NY WINGS INC.Owned & Optd by: Frankie's NY Wings Inc.FS-8 Level 4 SM Aura Bonifacio Global CityFort Bonifacio Taguig CityVAT Reg TIN : 009-074-986-00010MIN : 15091811250923388MSN : 8880115010003OFFICIAL RECEIPTREPRINTNo. of Guest: 1                         Official Receipt #: 0000229336Term. #:  1                    Cshr: JAMWALK-IN                                 ----------------------------------------Qty   Description(s)               Price----------------------------------------DINE IN                                  1.00 1/2 DOZ GARLIC PARMESAN   199.00 V 1.00 RICE                       30.00 V 1.00 Coke - 16 oz               40.00 V 1.00 MINERAL WATER - 500 ML     35.00 V------------------4 item(s)-------------   Sub Total                      304.00----------------------------------------TOTAL                             304.00Tendered:                                 CASH                          1,000.00Change:                           696.00----------------------------------------VATable Sales(V)                  271.43VAT Amount                         32.57VAT Exempt Sales(E)                 0.00Zero-Rated Sales(Z)                 0.00----------------------------------------07/08/2017 03:55:33 PMName : _________________________________Address : ______________________________TIN : __________________________________Business Style : _______________________Cyber Frontier Electronics Trading Inc.2 Narra Drive Palmera Hts. San JuanCainta RizalVAT Reg TIN.:006-737-173-00000BIR  Accr. No.: 0460067371730006116867Date Issued:03/01/2013Valid Until.: 07/31/2021PTU No : FP092015-044-0054919-00001Date Issued : 09/24/2015Valid Until : 07/31/2021THIS RECEIPT SHALL BE VALID FOR FIVE (5) YEARS FROM THE DATE OF THE PERMIT USE.This serves as an official receipt.Thank you come again!www.frankiesnywings.comFacebook: frankiesnywingsInstagram/Twitter: frankieswings,1621244665"
C:/Users/joman/Documents/GitHub/EasyOCR/trainer/all_data/whole/img/data_valid/thai4_Garuda.png,"FRANKIE'S NY WINGS INC.Owned & Optd by: Frankie's NY Wings Inc.FS-8 Level 4 SM Aura Bonifacio Global CityFort Bonifacio Taguig CityVAT Reg TIN : 009-074-986-00010MIN : 15091811250923388MSN : 8880115010003OFFICIAL RECEIPTREPRINTNo. of Guest: 1                         Official Receipt #: 0000229336Term. #:  1                    Cshr: JAMWALK-IN                                 ----------------------------------------Qty   Description(s)               Price----------------------------------------DINE IN                                  1.00 1/2 DOZ GARLIC PARMESAN   199.00 V 1.00 RICE                       30.00 V 1.00 Coke - 16 oz               40.00 V 1.00 MINERAL WATER - 500 ML     35.00 V------------------4 item(s)-------------   Sub Total                      304.00----------------------------------------TOTAL                             304.00Tendered:                                 CASH                          1,000.00Change:                           696.00----------------------------------------VATable Sales(V)                  271.43VAT Amount                         32.57VAT Exempt Sales(E)                 0.00Zero-Rated Sales(Z)                 0.00----------------------------------------07/08/2017 03:55:33 PMName : _________________________________Address : ______________________________TIN : __________________________________Business Style : _______________________Cyber Frontier Electronics Trading Inc.2 Narra Drive Palmera Hts. San JuanCainta RizalVAT Reg TIN.:006-737-173-00000BIR  Accr. No.: 0460067371730006116867Date Issued:03/01/2013Valid Until.: 07/31/2021PTU No : FP092015-044-0054919-00001Date Issued : 09/24/2015Valid Until : 07/31/2021THIS RECEIPT SHALL BE VALID FOR FIVE (5) YEARS FROM THE DATE OF THE PERMIT USE.This serves as an official receipt.Thank you come again!www.frankiesnywings.comFacebook: frankiesnywingsInstagram/Twitter: frankieswings,1621244665"
C:/Users/joman/Documents/GitHub/EasyOCR/trainer/all_data/whole/img/data_valid/thai4_TH_Sarabun_New_Regular.png,"FRANKIE'S NY WINGS INC.Owned & Optd by: Frankie's NY Wings Inc.FS-8 Level 4 SM Aura Bonifacio Global CityFort Bonifacio Taguig CityVAT Reg TIN : 009-074-986-00010MIN : 15091811250923388MSN : 8880115010003OFFICIAL RECEIPTREPRINTNo. of Guest: 1                         Official Receipt #: 0000229336Term. #:  1                    Cshr: JAMWALK-IN                                 ----------------------------------------Qty   Description(s)               Price----------------------------------------DINE IN                                  1.00 1/2 DOZ GARLIC PARMESAN   199.00 V 1.00 RICE                       30.00 V 1.00 Coke - 16 oz               40.00 V 1.00 MINERAL WATER - 500 ML     35.00 V------------------4 item(s)-------------   Sub Total                      304.00----------------------------------------TOTAL                             304.00Tendered:                                 CASH                          1,000.00Change:                           696.00----------------------------------------VATable Sales(V)                  271.43VAT Amount                         32.57VAT Exempt Sales(E)                 0.00Zero-Rated Sales(Z)                 0.00----------------------------------------07/08/2017 03:55:33 PMName : _________________________________Address : ______________________________TIN : __________________________________Business Style : _______________________Cyber Frontier Electronics Trading Inc.2 Narra Drive Palmera Hts. San JuanCainta RizalVAT Reg TIN.:006-737-173-00000BIR  Accr. No.: 0460067371730006116867Date Issued:03/01/2013Valid Until.: 07/31/2021PTU No : FP092015-044-0054919-00001Date Issued : 09/24/2015Valid Until : 07/31/2021THIS RECEIPT SHALL BE VALID FOR FIVE (5) YEARS FROM THE DATE OF THE PERMIT USE.This serves as an official receipt.Thank you come again!www.frankiesnywings.comFacebook: frankiesnywingsInstagram/Twitter: frankieswings,1621244665"
C:/Users/joman/Documents/GitHub/EasyOCR/trainer/all_data/whole/img/data_valid/thai5_Aksaramatee_Regular.png,"FRANKIE'S NY WINGS INC.Owned & Optd by: Frankie's NY Wings Inc.FS-8 Level 4 SM Aura Bonifacio Global CityFort Bonifacio Taguig CityVAT Reg TIN : 009-074-986-00010MIN : 15091811250923388MSN : 8880115010003OFFICIAL RECEIPTREPRINTNo. of Guest: 1                         Official Receipt #: 0000230926Term. #:  1                Cshr: JORALYNWALK-IN                                 ----------------------------------------Qty   Description(s)               Price----------------------------------------DINE IN                                  1.00 1/2 DOZ HONEY GARLIC      199.00 V 2.00 RICE                       60.00 V     @ 30.00                            ------------------3 item(s)-------------   Sub Total                      259.00----------------------------------------TOTAL                             259.00Tendered:                                 CASH                            300.00Change:                            41.00----------------------------------------VATable Sales(V)                  231.25VAT Amount                         27.75VAT Exempt Sales(E)                 0.00Zero-Rated Sales(Z)                 0.00----------------------------------------07/12/2017 06:29:32 PMName : _________________________________Address : ______________________________TIN : __________________________________Business Style : _______________________Cyber Frontier Electronics Trading Inc.2 Narra Drive Palmera Hts. San JuanCainta RizalVAT Reg TIN.:006-737-173-00000BIR  Accr. No.: 0460067371730006116867Date Issued:03/01/2013Valid Until.: 07/31/2021PTU No : FP092015-044-0054919-00001Date Issued : 09/24/2015Valid Until : 07/31/2021THIS RECEIPT SHALL BE VALID FOR FIVE (5) YEARS FROM THE DATE OF THE PERMIT USE.This serves as an official receipt.Thank you come again!www.frankiesnywings.comFacebook: frankiesnywingsInstagram/Twitter: frankieswings,1621930872"
C:/Users/joman/Documents/GitHub/EasyOCR/trainer/all_data/whole/img/data_valid/thai5_Athiti_Medium.png,"FRANKIE'S NY WINGS INC.Owned & Optd by: Frankie's NY Wings Inc.FS-8 Level 4 SM Aura Bonifacio Global CityFort Bonifacio Taguig CityVAT Reg TIN : 009-074-986-00010MIN : 15091811250923388MSN : 8880115010003OFFICIAL RECEIPTREPRINTNo. of Guest: 1                         Official Receipt #: 0000230926Term. #:  1                Cshr: JORALYNWALK-IN                                 ----------------------------------------Qty   Description(s)               Price----------------------------------------DINE IN                                  1.00 1/2 DOZ HONEY GARLIC      199.00 V 2.00 RICE                       60.00 V     @ 30.00                            ------------------3 item(s)-------------   Sub Total                      259.00----------------------------------------TOTAL                             259.00Tendered:                                 CASH                            300.00Change:                            41.00----------------------------------------VATable Sales(V)                  231.25VAT Amount                         27.75VAT Exempt Sales(E)                 0.00Zero-Rated Sales(Z)                 0.00----------------------------------------07/12/2017 06:29:32 PMName : _________________________________Address : ______________________________TIN : __________________________________Business Style : _______________________Cyber Frontier Electronics Trading Inc.2 Narra Drive Palmera Hts. San JuanCainta RizalVAT Reg TIN.:006-737-173-00000BIR  Accr. No.: 0460067371730006116867Date Issued:03/01/2013Valid Until.: 07/31/2021PTU No : FP092015-044-0054919-00001Date Issued : 09/24/2015Valid Until : 07/31/2021THIS RECEIPT SHALL BE VALID FOR FIVE (5) YEARS FROM THE DATE OF THE PERMIT USE.This serves as an official receipt.Thank you come again!www.frankiesnywings.comFacebook: frankiesnywingsInstagram/Twitter: frankieswings,1621930872"
C:/Users/joman/Documents/GitHub/EasyOCR/trainer/all_data/whole/img/data_valid/thai5_ChulaNarak_Regular.png,"FRANKIE'S NY WINGS INC.Owned & Optd by: Frankie's NY Wings Inc.FS-8 Level 4 SM Aura Bonifacio Global CityFort Bonifacio Taguig CityVAT Reg TIN : 009-074-986-00010MIN : 15091811250923388MSN : 8880115010003OFFICIAL RECEIPTREPRINTNo. of Guest: 1                         Official Receipt #: 0000230926Term. #:  1                Cshr: JORALYNWALK-IN                                 ----------------------------------------Qty   Description(s)               Price----------------------------------------DINE IN                                  1.00 1/2 DOZ HONEY GARLIC      199.00 V 2.00 RICE                       60.00 V     @ 30.00                            ------------------3 item(s)-------------   Sub Total                      259.00----------------------------------------TOTAL                             259.00Tendered:                                 CASH                            300.00Change:                            41.00----------------------------------------VATable Sales(V)                  231.25VAT Amount                         27.75VAT Exempt Sales(E)                 0.00Zero-Rated Sales(Z)                 0.00----------------------------------------07/12/2017 06:29:32 PMName : _________________________________Address : ______________________________TIN : __________________________________Business Style : _______________________Cyber Frontier Electronics Trading Inc.2 Narra Drive Palmera Hts. San JuanCainta RizalVAT Reg TIN.:006-737-173-00000BIR  Accr. No.: 0460067371730006116867Date Issued:03/01/2013Valid Until.: 07/31/2021PTU No : FP092015-044-0054919-00001Date Issued : 09/24/2015Valid Until : 07/31/2021THIS RECEIPT SHALL BE VALID FOR FIVE (5) YEARS FROM THE DATE OF THE PERMIT USE.This serves as an official receipt.Thank you come again!www.frankiesnywings.comFacebook: frankiesnywingsInstagram/Twitter: frankieswings,1621930872"
C:/Users/joman/Documents/GitHub/EasyOCR/trainer/all_data/whole/img/data_valid/thai5_Garuda.png,"FRANKIE'S NY WINGS INC.Owned & Optd by: Frankie's NY Wings Inc.FS-8 Level 4 SM Aura Bonifacio Global CityFort Bonifacio Taguig CityVAT Reg TIN : 009-074-986-00010MIN : 15091811250923388MSN : 8880115010003OFFICIAL RECEIPTREPRINTNo. of Guest: 1                         Official Receipt #: 0000230926Term. #:  1                Cshr: JORALYNWALK-IN                                 ----------------------------------------Qty   Description(s)               Price----------------------------------------DINE IN                                  1.00 1/2 DOZ HONEY GARLIC      199.00 V 2.00 RICE                       60.00 V     @ 30.00                            ------------------3 item(s)-------------   Sub Total                      259.00----------------------------------------TOTAL                             259.00Tendered:                                 CASH                            300.00Change:                            41.00----------------------------------------VATable Sales(V)                  231.25VAT Amount                         27.75VAT Exempt Sales(E)                 0.00Zero-Rated Sales(Z)                 0.00----------------------------------------07/12/2017 06:29:32 PMName : _________________________________Address : ______________________________TIN : __________________________________Business Style : _______________________Cyber Frontier Electronics Trading Inc.2 Narra Drive Palmera Hts. San JuanCainta RizalVAT Reg TIN.:006-737-173-00000BIR  Accr. No.: 0460067371730006116867Date Issued:03/01/2013Valid Until.: 07/31/2021PTU No : FP092015-044-0054919-00001Date Issued : 09/24/2015Valid Until : 07/31/2021THIS RECEIPT SHALL BE VALID FOR FIVE (5) YEARS FROM THE DATE OF THE PERMIT USE.This serves as an official receipt.Thank you come again!www.frankiesnywings.comFacebook: frankiesnywingsInstagram/Twitter: frankieswings,1621930872"
C:/Users/joman/Documents/GitHub/EasyOCR/trainer/all_data/whole/img/data_valid/thai5_TH_Sarabun_New_Regular.png,"FRANKIE'S NY WINGS INC.Owned & Optd by: Frankie's NY Wings Inc.FS-8 Level 4 SM Aura Bonifacio Global CityFort Bonifacio Taguig CityVAT Reg TIN : 009-074-986-00010MIN : 15091811250923388MSN : 8880115010003OFFICIAL RECEIPTREPRINTNo. of Guest: 1                         Official Receipt #: 0000230926Term. #:  1                Cshr: JORALYNWALK-IN                                 ----------------------------------------Qty   Description(s)               Price----------------------------------------DINE IN                                  1.00 1/2 DOZ HONEY GARLIC      199.00 V 2.00 RICE                       60.00 V     @ 30.00                            ------------------3 item(s)-------------   Sub Total                      259.00----------------------------------------TOTAL                             259.00Tendered:                                 CASH                            300.00Change:                            41.00----------------------------------------VATable Sales(V)                  231.25VAT Amount                         27.75VAT Exempt Sales(E)                 0.00Zero-Rated Sales(Z)                 0.00----------------------------------------07/12/2017 06:29:32 PMName : _________________________________Address : ______________________________TIN : __________________________________Business Style : _______________________Cyber Frontier Electronics Trading Inc.2 Narra Drive Palmera Hts. San JuanCainta RizalVAT Reg TIN.:006-737-173-00000BIR  Accr. No.: 0460067371730006116867Date Issued:03/01/2013Valid Until.: 07/31/2021PTU No : FP092015-044-0054919-00001Date Issued : 09/24/2015Valid Until : 07/31/2021THIS RECEIPT SHALL BE VALID FOR FIVE (5) YEARS FROM THE DATE OF THE PERMIT USE.This serves as an official receipt.Thank you come again!www.frankiesnywings.comFacebook: frankiesnywingsInstagram/Twitter: frankieswings,1621930872"
C:/Users/joman/Documents/GitHub/EasyOCR/trainer/all_data/whole/img/data_valid/thai6_Aksaramatee_Regular.png,"FRANKIE'S NY WINGS INC.Owned & Optd by: Frankie's NY Wings Inc.FS-8 Level 4 SM Aura Bonifacio Global CityFort Bonifacio Taguig CityVAT Reg TIN : 009-074-986-00010MIN : 15091811250923388MSN : 8880115010003OFFICIAL RECEIPTREPRINTNo. of Guest: 1                         Official Receipt #: 0000230925Term. #:  1                Cshr: JORALYNWALK-IN                                 ----------------------------------------Qty   Description(s)               Price----------------------------------------DINE IN                                  1.00 1/2 DOZ GARLIC PARMESAN   199.00 V 1.00 1/2 DOZ SALTED EGG        199.00 V 5.00 RICE                      150.00 V     @ 30.00                            ------------------7 item(s)-------------   Sub Total                      548.00----------------------------------------TOTAL                             548.00Tendered:                                 CASH                            600.00Change:                            52.00----------------------------------------VATable Sales(V)                  489.29VAT Amount                         58.71VAT Exempt Sales(E)                 0.00Zero-Rated Sales(Z)                 0.00----------------------------------------07/12/2017 06:27:57 PMName : _________________________________Address : ______________________________TIN : __________________________________Business Style : _______________________Cyber Frontier Electronics Trading Inc.2 Narra Drive Palmera Hts. San JuanCainta RizalVAT Reg TIN.:006-737-173-00000BIR  Accr. No.: 0460067371730006116867Date Issued:03/01/2013Valid Until.: 07/31/2021PTU No : FP092015-044-0054919-00001Date Issued : 09/24/2015Valid Until : 07/31/2021THIS RECEIPT SHALL BE VALID FOR FIVE (5) YEARS FROM THE DATE OF THE PERMIT USE.This serves as an official receipt.Thank you come again!www.frankiesnywings.comFacebook: frankiesnywingsInstagram/Twitter: frankieswings,1621930473"
C:/Users/joman/Documents/GitHub/EasyOCR/trainer/all_data/whole/img/data_valid/thai6_Athiti_Medium.png,"FRANKIE'S NY WINGS INC.Owned & Optd by: Frankie's NY Wings Inc.FS-8 Level 4 SM Aura Bonifacio Global CityFort Bonifacio Taguig CityVAT Reg TIN : 009-074-986-00010MIN : 15091811250923388MSN : 8880115010003OFFICIAL RECEIPTREPRINTNo. of Guest: 1                         Official Receipt #: 0000230925Term. #:  1                Cshr: JORALYNWALK-IN                                 ----------------------------------------Qty   Description(s)               Price----------------------------------------DINE IN                                  1.00 1/2 DOZ GARLIC PARMESAN   199.00 V 1.00 1/2 DOZ SALTED EGG        199.00 V 5.00 RICE                      150.00 V     @ 30.00                            ------------------7 item(s)-------------   Sub Total                      548.00----------------------------------------TOTAL                             548.00Tendered:                                 CASH                            600.00Change:                            52.00----------------------------------------VATable Sales(V)                  489.29VAT Amount                         58.71VAT Exempt Sales(E)                 0.00Zero-Rated Sales(Z)                 0.00----------------------------------------07/12/2017 06:27:57 PMName : _________________________________Address : ______________________________TIN : __________________________________Business Style : _______________________Cyber Frontier Electronics Trading Inc.2 Narra Drive Palmera Hts. San JuanCainta RizalVAT Reg TIN.:006-737-173-00000BIR  Accr. No.: 0460067371730006116867Date Issued:03/01/2013Valid Until.: 07/31/2021PTU No : FP092015-044-0054919-00001Date Issued : 09/24/2015Valid Until : 07/31/2021THIS RECEIPT SHALL BE VALID FOR FIVE (5) YEARS FROM THE DATE OF THE PERMIT USE.This serves as an official receipt.Thank you come again!www.frankiesnywings.comFacebook: frankiesnywingsInstagram/Twitter: frankieswings,1621930473"
C:/Users/joman/Documents/GitHub/EasyOCR/trainer/all_data/whole/img/data_valid/thai6_ChulaNarak_Regular.png,"FRANKIE'S NY WINGS INC.Owned & Optd by: Frankie's NY Wings Inc.FS-8 Level 4 SM Aura Bonifacio Global CityFort Bonifacio Taguig CityVAT Reg TIN : 009-074-986-00010MIN : 15091811250923388MSN : 8880115010003OFFICIAL RECEIPTREPRINTNo. of Guest: 1                         Official Receipt #: 0000230925Term. #:  1                Cshr: JORALYNWALK-IN                                 ----------------------------------------Qty   Description(s)               Price----------------------------------------DINE IN                                  1.00 1/2 DOZ GARLIC PARMESAN   199.00 V 1.00 1/2 DOZ SALTED EGG        199.00 V 5.00 RICE                      150.00 V     @ 30.00                            ------------------7 item(s)-------------   Sub Total                      548.00----------------------------------------TOTAL                             548.00Tendered:                                 CASH                            600.00Change:                            52.00----------------------------------------VATable Sales(V)                  489.29VAT Amount                         58.71VAT Exempt Sales(E)                 0.00Zero-Rated Sales(Z)                 0.00----------------------------------------07/12/2017 06:27:57 PMName : _________________________________Address : ______________________________TIN : __________________________________Business Style : _______________________Cyber Frontier Electronics Trading Inc.2 Narra Drive Palmera Hts. San JuanCainta RizalVAT Reg TIN.:006-737-173-00000BIR  Accr. No.: 0460067371730006116867Date Issued:03/01/2013Valid Until.: 07/31/2021PTU No : FP092015-044-0054919-00001Date Issued : 09/24/2015Valid Until : 07/31/2021THIS RECEIPT SHALL BE VALID FOR FIVE (5) YEARS FROM THE DATE OF THE PERMIT USE.This serves as an official receipt.Thank you come again!www.frankiesnywings.comFacebook: frankiesnywingsInstagram/Twitter: frankieswings,1621930473"
C:/Users/joman/Documents/GitHub/EasyOCR/trainer/all_data/whole/img/data_valid/thai6_Garuda.png,"FRANKIE'S NY WINGS INC.Owned & Optd by: Frankie's NY Wings Inc.FS-8 Level 4 SM Aura Bonifacio Global CityFort Bonifacio Taguig CityVAT Reg TIN : 009-074-986-00010MIN : 15091811250923388MSN : 8880115010003OFFICIAL RECEIPTREPRINTNo. of Guest: 1                         Official Receipt #: 0000230925Term. #:  1                Cshr: JORALYNWALK-IN                                 ----------------------------------------Qty   Description(s)               Price----------------------------------------DINE IN                                  1.00 1/2 DOZ GARLIC PARMESAN   199.00 V 1.00 1/2 DOZ SALTED EGG        199.00 V 5.00 RICE                      150.00 V     @ 30.00                            ------------------7 item(s)-------------   Sub Total                      548.00----------------------------------------TOTAL                             548.00Tendered:                                 CASH                            600.00Change:                            52.00----------------------------------------VATable Sales(V)                  489.29VAT Amount                         58.71VAT Exempt Sales(E)                 0.00Zero-Rated Sales(Z)                 0.00----------------------------------------07/12/2017 06:27:57 PMName : _________________________________Address : ______________________________TIN : __________________________________Business Style : _______________________Cyber Frontier Electronics Trading Inc.2 Narra Drive Palmera Hts. San JuanCainta RizalVAT Reg TIN.:006-737-173-00000BIR  Accr. No.: 0460067371730006116867Date Issued:03/01/2013Valid Until.: 07/31/2021PTU No : FP092015-044-0054919-00001Date Issued : 09/24/2015Valid Until : 07/31/2021THIS RECEIPT SHALL BE VALID FOR FIVE (5) YEARS FROM THE DATE OF THE PERMIT USE.This serves as an official receipt.Thank you come again!www.frankiesnywings.comFacebook: frankiesnywingsInstagram/Twitter: frankieswings,1621930473"
C:/Users/joman/Documents/GitHub/EasyOCR/trainer/all_data/whole/img/data_valid/thai6_TH_Sarabun_New_Regular.png,"FRANKIE'S NY WINGS INC.Owned & Optd by: Frankie's NY Wings Inc.FS-8 Level 4 SM Aura Bonifacio Global CityFort Bonifacio Taguig CityVAT Reg TIN : 009-074-986-00010MIN : 15091811250923388MSN : 8880115010003OFFICIAL RECEIPTREPRINTNo. of Guest: 1                         Official Receipt #: 0000230925Term. #:  1                Cshr: JORALYNWALK-IN                                 ----------------------------------------Qty   Description(s)               Price----------------------------------------DINE IN                                  1.00 1/2 DOZ GARLIC PARMESAN   199.00 V 1.00 1/2 DOZ SALTED EGG        199.00 V 5.00 RICE                      150.00 V     @ 30.00                            ------------------7 item(s)-------------   Sub Total                      548.00----------------------------------------TOTAL                             548.00Tendered:                                 CASH                            600.00Change:                            52.00----------------------------------------VATable Sales(V)                  489.29VAT Amount                         58.71VAT Exempt Sales(E)                 0.00Zero-Rated Sales(Z)                 0.00----------------------------------------07/12/2017 06:27:57 PMName : _________________________________Address : ______________________________TIN : __________________________________Business Style : _______________________Cyber Frontier Electronics Trading Inc.2 Narra Drive Palmera Hts. San JuanCainta RizalVAT Reg TIN.:006-737-173-00000BIR  Accr. No.: 0460067371730006116867Date Issued:03/01/2013Valid Until.: 07/31/2021PTU No : FP092015-044-0054919-00001Date Issued : 09/24/2015Valid Until : 07/31/2021THIS RECEIPT SHALL BE VALID FOR FIVE (5) YEARS FROM THE DATE OF THE PERMIT USE.This serves as an official receipt.Thank you come again!www.frankiesnywings.comFacebook: frankiesnywingsInstagram/Twitter: frankieswings,1621930473"
C:/Users/joman/Documents/GitHub/EasyOCR/trainer/all_data/whole/img/data_valid/thai7_Aksaramatee_Regular.png,"FRANKIE'S NY WINGS INC.Owned & Optd by: Frankie's NY Wings Inc.FS-8 Level 4 SM Aura Bonifacio Global CityFort Bonifacio Taguig CityVAT Reg TIN : 009-074-986-00010MIN : 15091811250923388MSN : 8880115010003OFFICIAL RECEIPTREPRINTNo. of Guest: 1                         Official Receipt #: 0000239549Term. #:  1                Cshr: JORALYNWALK-IN                                 ----------------------------------------Qty   Description(s)               Price----------------------------------------DINE IN                                  1.00 1/2 DOZ NAGOYA TEBASAKI   199.00 V 3.00 RICE                       90.00 V     @ 30.00                             2.00 MINERAL WATER - 500 ML     70.00 V     @ 35.00                                 =>not cold------------------6 item(s)-------------   Sub Total                      359.00----------------------------------------TOTAL                             359.00Tendered:                                 VISA                            359.00Change:                             0.00----------------------------------------VATable Sales(V)                  320.54VAT Amount                         38.46VAT Exempt Sales(E)                 0.00Zero-Rated Sales(Z)                 0.00----------------------------------------08/04/2017 12:31:30 PMCard No.    ************6606            Card Holder JOSELITO N UMALI II         Bank        Citibank                    Dated       19/06                       Appr. Code  555039                      Name : _________________________________Address : ______________________________TIN : __________________________________Business Style : _______________________Cyber Frontier Electronics Trading Inc.2 Narra Drive Palmera Hts. San JuanCainta RizalVAT Reg TIN.:006-737-173-00000BIR  Accr. No.: 0460067371730006116867Date Issued:03/01/2013Valid Until.: 07/31/2021PTU No : FP092015-044-0054919-00001Date Issued : 09/24/2015Valid Until : 07/31/2021THIS RECEIPT SHALL BE VALID FOR FIVE (5) YEARS FROM THE DATE OF THE PERMIT USE.This serves as an official receipt.Thank you come again!www.frankiesnywings.comFacebook: frankiesnywingsInstagram/Twitter: frankieswings,1628739885"
C:/Users/joman/Documents/GitHub/EasyOCR/trainer/all_data/whole/img/data_valid/thai7_Athiti_Medium.png,"FRANKIE'S NY WINGS INC.Owned & Optd by: Frankie's NY Wings Inc.FS-8 Level 4 SM Aura Bonifacio Global CityFort Bonifacio Taguig CityVAT Reg TIN : 009-074-986-00010MIN : 15091811250923388MSN : 8880115010003OFFICIAL RECEIPTREPRINTNo. of Guest: 1                         Official Receipt #: 0000239549Term. #:  1                Cshr: JORALYNWALK-IN                                 ----------------------------------------Qty   Description(s)               Price----------------------------------------DINE IN                                  1.00 1/2 DOZ NAGOYA TEBASAKI   199.00 V 3.00 RICE                       90.00 V     @ 30.00                             2.00 MINERAL WATER - 500 ML     70.00 V     @ 35.00                                 =>not cold------------------6 item(s)-------------   Sub Total                      359.00----------------------------------------TOTAL                             359.00Tendered:                                 VISA                            359.00Change:                             0.00----------------------------------------VATable Sales(V)                  320.54VAT Amount                         38.46VAT Exempt Sales(E)                 0.00Zero-Rated Sales(Z)                 0.00----------------------------------------08/04/2017 12:31:30 PMCard No.    ************6606            Card Holder JOSELITO N UMALI II         Bank        Citibank                    Dated       19/06                       Appr. Code  555039                      Name : _________________________________Address : ______________________________TIN : __________________________________Business Style : _______________________Cyber Frontier Electronics Trading Inc.2 Narra Drive Palmera Hts. San JuanCainta RizalVAT Reg TIN.:006-737-173-00000BIR  Accr. No.: 0460067371730006116867Date Issued:03/01/2013Valid Until.: 07/31/2021PTU No : FP092015-044-0054919-00001Date Issued : 09/24/2015Valid Until : 07/31/2021THIS RECEIPT SHALL BE VALID FOR FIVE (5) YEARS FROM THE DATE OF THE PERMIT USE.This serves as an official receipt.Thank you come again!www.frankiesnywings.comFacebook: frankiesnywingsInstagram/Twitter: frankieswings,1628739885"
C:/Users/joman/Documents/GitHub/EasyOCR/trainer/all_data/whole/img/data_valid/thai7_ChulaNarak_Regular.png,"FRANKIE'S NY WINGS INC.Owned & Optd by: Frankie's NY Wings Inc.FS-8 Level 4 SM Aura Bonifacio Global CityFort Bonifacio Taguig CityVAT Reg TIN : 009-074-986-00010MIN : 15091811250923388MSN : 8880115010003OFFICIAL RECEIPTREPRINTNo. of Guest: 1                         Official Receipt #: 0000239549Term. #:  1                Cshr: JORALYNWALK-IN                                 ----------------------------------------Qty   Description(s)               Price----------------------------------------DINE IN                                  1.00 1/2 DOZ NAGOYA TEBASAKI   199.00 V 3.00 RICE                       90.00 V     @ 30.00                             2.00 MINERAL WATER - 500 ML     70.00 V     @ 35.00                                 =>not cold------------------6 item(s)-------------   Sub Total                      359.00----------------------------------------TOTAL                             359.00Tendered:                                 VISA                            359.00Change:                             0.00----------------------------------------VATable Sales(V)                  320.54VAT Amount                         38.46VAT Exempt Sales(E)                 0.00Zero-Rated Sales(Z)                 0.00----------------------------------------08/04/2017 12:31:30 PMCard No.    ************6606            Card Holder JOSELITO N UMALI II         Bank        Citibank                    Dated       19/06                       Appr. Code  555039                      Name : _________________________________Address : ______________________________TIN : __________________________________Business Style : _______________________Cyber Frontier Electronics Trading Inc.2 Narra Drive Palmera Hts. San JuanCainta RizalVAT Reg TIN.:006-737-173-00000BIR  Accr. No.: 0460067371730006116867Date Issued:03/01/2013Valid Until.: 07/31/2021PTU No : FP092015-044-0054919-00001Date Issued : 09/24/2015Valid Until : 07/31/2021THIS RECEIPT SHALL BE VALID FOR FIVE (5) YEARS FROM THE DATE OF THE PERMIT USE.This serves as an official receipt.Thank you come again!www.frankiesnywings.comFacebook: frankiesnywingsInstagram/Twitter: frankieswings,1628739885"
C:/Users/joman/Documents/GitHub/EasyOCR/trainer/all_data/whole/img/data_valid/thai7_Garuda.png,"FRANKIE'S NY WINGS INC.Owned & Optd by: Frankie's NY Wings Inc.FS-8 Level 4 SM Aura Bonifacio Global CityFort Bonifacio Taguig CityVAT Reg TIN : 009-074-986-00010MIN : 15091811250923388MSN : 8880115010003OFFICIAL RECEIPTREPRINTNo. of Guest: 1                         Official Receipt #: 0000239549Term. #:  1                Cshr: JORALYNWALK-IN                                 ----------------------------------------Qty   Description(s)               Price----------------------------------------DINE IN                                  1.00 1/2 DOZ NAGOYA TEBASAKI   199.00 V 3.00 RICE                       90.00 V     @ 30.00                             2.00 MINERAL WATER - 500 ML     70.00 V     @ 35.00                                 =>not cold------------------6 item(s)-------------   Sub Total                      359.00----------------------------------------TOTAL                             359.00Tendered:                                 VISA                            359.00Change:                             0.00----------------------------------------VATable Sales(V)                  320.54VAT Amount                         38.46VAT Exempt Sales(E)                 0.00Zero-Rated Sales(Z)                 0.00----------------------------------------08/04/2017 12:31:30 PMCard No.    ************6606            Card Holder JOSELITO N UMALI II         Bank        Citibank                    Dated       19/06                       Appr. Code  555039                      Name : _________________________________Address : ______________________________TIN : __________________________________Business Style : _______________________Cyber Frontier Electronics Trading Inc.2 Narra Drive Palmera Hts. San JuanCainta RizalVAT Reg TIN.:006-737-173-00000BIR  Accr. No.: 0460067371730006116867Date Issued:03/01/2013Valid Until.: 07/31/2021PTU No : FP092015-044-0054919-00001Date Issued : 09/24/2015Valid Until : 07/31/2021THIS RECEIPT SHALL BE VALID FOR FIVE (5) YEARS FROM THE DATE OF THE PERMIT USE.This serves as an official receipt.Thank you come again!www.frankiesnywings.comFacebook: frankiesnywingsInstagram/Twitter: frankieswings,1628739885"
C:/Users/joman/Documents/GitHub/EasyOCR/trainer/all_data/whole/img/data_valid/thai7_TH_Sarabun_New_Regular.png,"FRANKIE'S NY WINGS INC.Owned & Optd by: Frankie's NY Wings Inc.FS-8 Level 4 SM Aura Bonifacio Global CityFort Bonifacio Taguig CityVAT Reg TIN : 009-074-986-00010MIN : 15091811250923388MSN : 8880115010003OFFICIAL RECEIPTREPRINTNo. of Guest: 1                         Official Receipt #: 0000239549Term. #:  1                Cshr: JORALYNWALK-IN                                 ----------------------------------------Qty   Description(s)               Price----------------------------------------DINE IN                                  1.00 1/2 DOZ NAGOYA TEBASAKI   199.00 V 3.00 RICE                       90.00 V     @ 30.00                             2.00 MINERAL WATER - 500 ML     70.00 V     @ 35.00                                 =>not cold------------------6 item(s)-------------   Sub Total                      359.00----------------------------------------TOTAL                             359.00Tendered:                                 VISA                            359.00Change:                             0.00----------------------------------------VATable Sales(V)                  320.54VAT Amount                         38.46VAT Exempt Sales(E)                 0.00Zero-Rated Sales(Z)                 0.00----------------------------------------08/04/2017 12:31:30 PMCard No.    ************6606            Card Holder JOSELITO N UMALI II         Bank        Citibank                    Dated       19/06                       Appr. Code  555039                      Name : _________________________________Address : ______________________________TIN : __________________________________Business Style : _______________________Cyber Frontier Electronics Trading Inc.2 Narra Drive Palmera Hts. San JuanCainta RizalVAT Reg TIN.:006-737-173-00000BIR  Accr. No.: 0460067371730006116867Date Issued:03/01/2013Valid Until.: 07/31/2021PTU No : FP092015-044-0054919-00001Date Issued : 09/24/2015Valid Until : 07/31/2021THIS RECEIPT SHALL BE VALID FOR FIVE (5) YEARS FROM THE DATE OF THE PERMIT USE.This serves as an official receipt.Thank you come again!www.frankiesnywings.comFacebook: frankiesnywingsInstagram/Twitter: frankieswings,1628739885"
C:/Users/joman/Documents/GitHub/EasyOCR/trainer/all_data/whole/img/data_valid/thai8_Aksaramatee_Regular.png,"FRANKIE'S NY WINGS INC.Owned & Optd by: Frankie's NY Wings Inc.FS-8 Level 4 SM Aura Bonifacio Global CityFort Bonifacio Taguig CityVAT Reg TIN : 009-074-986-00010MIN : 15091811250923388MSN : 8880115010003No. of Guest: 1                         Official Receipt #: 0000353535Terminal No. :   1WALK-IN                                 Cshr: CECIL VILLABETO                   ----------------------------------------Qty   Description(s)               Price----------------------------------------DINE IN                                  1.00 1/2 DOZ SALTED EGG          199.00 2.00 ROYAL TRU ORANGE - 16 O     100.00     @ 50.00                             2.00 RICE                         60.00     @ 30.00                            ------------------5 item(s)-------------   Sub Total                      359.00----------------------------------------TOTAL                             359.00Tendered:                                 CASH                            400.00Change:                            41.00----------------------------------------   Vatable Sales                  320.54   VAT  12.00%                     38.46   VAT Exempt Sales                 0.00   Zero Rated Sales                 0.00----------------------------------------4/29/2018 10:21:09RE-PRINTName : _________________________________Address : ______________________________TIN : __________________________________Cyber Frontier Electronics Trading Inc.2 Narra Drive Palmera Hts. San JuanCainta RizalVAT Reg TIN.:006-737-173-00000BIR  Accr. No.: 0460067371730006116867Date Issued:03/01/2013Valid Until.: 07/31/2020PTU No : FP092015-044-0054919-00001Date Issued : 09/24/2015Valid Until : 09/23/2020THIS RECEIPT SHALL BE VALID FOR FIVE (5) YEARS FROM THE DATE OF THE PERMIT USE.This serves as an official receipt.Thank you come again!WE DELIVER! www.foodpanda.phwww.frankiesnywings.comFacebook: frankiesnywingsInstagram/Twitter: frankieswings,1594963439"
C:/Users/joman/Documents/GitHub/EasyOCR/trainer/all_data/whole/img/data_valid/thai8_Athiti_Medium.png,"FRANKIE'S NY WINGS INC.Owned & Optd by: Frankie's NY Wings Inc.FS-8 Level 4 SM Aura Bonifacio Global CityFort Bonifacio Taguig CityVAT Reg TIN : 009-074-986-00010MIN : 15091811250923388MSN : 8880115010003No. of Guest: 1                         Official Receipt #: 0000353535Terminal No. :   1WALK-IN                                 Cshr: CECIL VILLABETO                   ----------------------------------------Qty   Description(s)               Price----------------------------------------DINE IN                                  1.00 1/2 DOZ SALTED EGG          199.00 2.00 ROYAL TRU ORANGE - 16 O     100.00     @ 50.00                             2.00 RICE                         60.00     @ 30.00                            ------------------5 item(s)-------------   Sub Total                      359.00----------------------------------------TOTAL                             359.00Tendered:                                 CASH                            400.00Change:                            41.00----------------------------------------   Vatable Sales                  320.54   VAT  12.00%                     38.46   VAT Exempt Sales                 0.00   Zero Rated Sales                 0.00----------------------------------------4/29/2018 10:21:09RE-PRINTName : _________________________________Address : ______________________________TIN : __________________________________Cyber Frontier Electronics Trading Inc.2 Narra Drive Palmera Hts. San JuanCainta RizalVAT Reg TIN.:006-737-173-00000BIR  Accr. No.: 0460067371730006116867Date Issued:03/01/2013Valid Until.: 07/31/2020PTU No : FP092015-044-0054919-00001Date Issued : 09/24/2015Valid Until : 09/23/2020THIS RECEIPT SHALL BE VALID FOR FIVE (5) YEARS FROM THE DATE OF THE PERMIT USE.This serves as an official receipt.Thank you come again!WE DELIVER! www.foodpanda.phwww.frankiesnywings.comFacebook: frankiesnywingsInstagram/Twitter: frankieswings,1594963439"
C:/Users/joman/Documents/GitHub/EasyOCR/trainer/all_data/whole/img/data_valid/thai8_ChulaNarak_Regular.png,"FRANKIE'S NY WINGS INC.Owned & Optd by: Frankie's NY Wings Inc.FS-8 Level 4 SM Aura Bonifacio Global CityFort Bonifacio Taguig CityVAT Reg TIN : 009-074-986-00010MIN : 15091811250923388MSN : 8880115010003No. of Guest: 1                         Official Receipt #: 0000353535Terminal No. :   1WALK-IN                                 Cshr: CECIL VILLABETO                   ----------------------------------------Qty   Description(s)               Price----------------------------------------DINE IN                                  1.00 1/2 DOZ SALTED EGG          199.00 2.00 ROYAL TRU ORANGE - 16 O     100.00     @ 50.00                             2.00 RICE                         60.00     @ 30.00                            ------------------5 item(s)-------------   Sub Total                      359.00----------------------------------------TOTAL                             359.00Tendered:                                 CASH                            400.00Change:                            41.00----------------------------------------   Vatable Sales                  320.54   VAT  12.00%                     38.46   VAT Exempt Sales                 0.00   Zero Rated Sales                 0.00----------------------------------------4/29/2018 10:21:09RE-PRINTName : _________________________________Address : ______________________________TIN : __________________________________Cyber Frontier Electronics Trading Inc.2 Narra Drive Palmera Hts. San JuanCainta RizalVAT Reg TIN.:006-737-173-00000BIR  Accr. No.: 0460067371730006116867Date Issued:03/01/2013Valid Until.: 07/31/2020PTU No : FP092015-044-0054919-00001Date Issued : 09/24/2015Valid Until : 09/23/2020THIS RECEIPT SHALL BE VALID FOR FIVE (5) YEARS FROM THE DATE OF THE PERMIT USE.This serves as an official receipt.Thank you come again!WE DELIVER! www.foodpanda.phwww.frankiesnywings.comFacebook: frankiesnywingsInstagram/Twitter: frankieswings,1594963439"
C:/Users/joman/Documents/GitHub/EasyOCR/trainer/all_data/whole/img/data_valid/thai8_Garuda.png,"FRANKIE'S NY WINGS INC.Owned & Optd by: Frankie's NY Wings Inc.FS-8 Level 4 SM Aura Bonifacio Global CityFort Bonifacio Taguig CityVAT Reg TIN : 009-074-986-00010MIN : 15091811250923388MSN : 8880115010003No. of Guest: 1                         Official Receipt #: 0000353535Terminal No. :   1WALK-IN                                 Cshr: CECIL VILLABETO                   ----------------------------------------Qty   Description(s)               Price----------------------------------------DINE IN                                  1.00 1/2 DOZ SALTED EGG          199.00 2.00 ROYAL TRU ORANGE - 16 O     100.00     @ 50.00                             2.00 RICE                         60.00     @ 30.00                            ------------------5 item(s)-------------   Sub Total                      359.00----------------------------------------TOTAL                             359.00Tendered:                                 CASH                            400.00Change:                            41.00----------------------------------------   Vatable Sales                  320.54   VAT  12.00%                     38.46   VAT Exempt Sales                 0.00   Zero Rated Sales                 0.00----------------------------------------4/29/2018 10:21:09RE-PRINTName : _________________________________Address : ______________________________TIN : __________________________________Cyber Frontier Electronics Trading Inc.2 Narra Drive Palmera Hts. San JuanCainta RizalVAT Reg TIN.:006-737-173-00000BIR  Accr. No.: 0460067371730006116867Date Issued:03/01/2013Valid Until.: 07/31/2020PTU No : FP092015-044-0054919-00001Date Issued : 09/24/2015Valid Until : 09/23/2020THIS RECEIPT SHALL BE VALID FOR FIVE (5) YEARS FROM THE DATE OF THE PERMIT USE.This serves as an official receipt.Thank you come again!WE DELIVER! www.foodpanda.phwww.frankiesnywings.comFacebook: frankiesnywingsInstagram/Twitter: frankieswings,1594963439"
C:/Users/joman/Documents/GitHub/EasyOCR/trainer/all_data/whole/img/data_valid/thai8_TH_Sarabun_New_Regular.png,"FRANKIE'S NY WINGS INC.Owned & Optd by: Frankie's NY Wings Inc.FS-8 Level 4 SM Aura Bonifacio Global CityFort Bonifacio Taguig CityVAT Reg TIN : 009-074-986-00010MIN : 15091811250923388MSN : 8880115010003No. of Guest: 1                         Official Receipt #: 0000353535Terminal No. :   1WALK-IN                                 Cshr: CECIL VILLABETO                   ----------------------------------------Qty   Description(s)               Price----------------------------------------DINE IN                                  1.00 1/2 DOZ SALTED EGG          199.00 2.00 ROYAL TRU ORANGE - 16 O     100.00     @ 50.00                             2.00 RICE                         60.00     @ 30.00                            ------------------5 item(s)-------------   Sub Total                      359.00----------------------------------------TOTAL                             359.00Tendered:                                 CASH                            400.00Change:                            41.00----------------------------------------   Vatable Sales                  320.54   VAT  12.00%                     38.46   VAT Exempt Sales                 0.00   Zero Rated Sales                 0.00----------------------------------------4/29/2018 10:21:09RE-PRINTName : _________________________________Address : ______________________________TIN : __________________________________Cyber Frontier Electronics Trading Inc.2 Narra Drive Palmera Hts. San JuanCainta RizalVAT Reg TIN.:006-737-173-00000BIR  Accr. No.: 0460067371730006116867Date Issued:03/01/2013Valid Until.: 07/31/2020PTU No : FP092015-044-0054919-00001Date Issued : 09/24/2015Valid Until : 09/23/2020THIS RECEIPT SHALL BE VALID FOR FIVE (5) YEARS FROM THE DATE OF THE PERMIT USE.This serves as an official receipt.Thank you come again!WE DELIVER! www.foodpanda.phwww.frankiesnywings.comFacebook: frankiesnywingsInstagram/Twitter: frankieswings,1594963439"
C:/Users/joman/Documents/GitHub/EasyOCR/trainer/all_data/whole/img/data_valid/thai9_Aksaramatee_Regular.png,"FRANKIE'S NY WINGS INC.Owned & Optd by: Frankie's NY Wings Inc.FS-8 Level 4 SM Aura Bonifacio Global CityFort Bonifacio Taguig CityVAT Reg TIN : 009-074-986-00010MIN : 15091811250923388MSN : 8880115010003No. of Guest: 1                         Official Receipt #: 0000395847Terminal No. :   1WALK-IN                                 Cshr: CECIL VILLABETO                   ----------------------------------------Qty   Description(s)               Price----------------------------------------DINE IN                                  1.00 1/2 DOZ SPICY AIOLI         199.00 1.00 Onion Rings                 100.00------------------2 item(s)-------------   Sub Total                      299.00----------------------------------------TOTAL                             299.00Tendered:                                 CASH                            500.00Change:                           201.00----------------------------------------   Vatable Sales                  266.96   VAT  12.00%                     32.04   VAT Exempt Sales                 0.00   Zero Rated Sales                 0.00----------------------------------------7/30/2018 18:56:47RE-PRINTName : _________________________________Address : ______________________________TIN : __________________________________Cyber Frontier Electronics Trading Inc.2 Narra Drive Palmera Hts. San JuanCainta RizalVAT Reg TIN.:006-737-173-00000BIR  Accr. No.: 0460067371730006116867Date Issued:03/01/2013Valid Until.: 07/31/2020PTU No : FP092015-044-0054919-00001Date Issued : 09/24/2015Valid Until : 09/23/2020THIS RECEIPT SHALL BE VALID FOR FIVE (5) YEARS FROM THE DATE OF THE PERMIT USE.This serves as an official receipt.Thank you come again!WE DELIVER! www.foodpanda.phwww.frankiesnywings.comFacebook: frankiesnywingsInstagram/Twitter: frankieswings,1594456762"
C:/Users/joman/Documents/GitHub/EasyOCR/trainer/all_data/whole/img/data_valid/thai9_Athiti_Medium.png,"FRANKIE'S NY WINGS INC.Owned & Optd by: Frankie's NY Wings Inc.FS-8 Level 4 SM Aura Bonifacio Global CityFort Bonifacio Taguig CityVAT Reg TIN : 009-074-986-00010MIN : 15091811250923388MSN : 8880115010003No. of Guest: 1                         Official Receipt #: 0000395847Terminal No. :   1WALK-IN                                 Cshr: CECIL VILLABETO                   ----------------------------------------Qty   Description(s)               Price----------------------------------------DINE IN                                  1.00 1/2 DOZ SPICY AIOLI         199.00 1.00 Onion Rings                 100.00------------------2 item(s)-------------   Sub Total                      299.00----------------------------------------TOTAL                             299.00Tendered:                                 CASH                            500.00Change:                           201.00----------------------------------------   Vatable Sales                  266.96   VAT  12.00%                     32.04   VAT Exempt Sales                 0.00   Zero Rated Sales                 0.00----------------------------------------7/30/2018 18:56:47RE-PRINTName : _________________________________Address : ______________________________TIN : __________________________________Cyber Frontier Electronics Trading Inc.2 Narra Drive Palmera Hts. San JuanCainta RizalVAT Reg TIN.:006-737-173-00000BIR  Accr. No.: 0460067371730006116867Date Issued:03/01/2013Valid Until.: 07/31/2020PTU No : FP092015-044-0054919-00001Date Issued : 09/24/2015Valid Until : 09/23/2020THIS RECEIPT SHALL BE VALID FOR FIVE (5) YEARS FROM THE DATE OF THE PERMIT USE.This serves as an official receipt.Thank you come again!WE DELIVER! www.foodpanda.phwww.frankiesnywings.comFacebook: frankiesnywingsInstagram/Twitter: frankieswings,1594456762"
C:/Users/joman/Documents/GitHub/EasyOCR/trainer/all_data/whole/img/data_valid/thai9_ChulaNarak_Regular.png,"FRANKIE'S NY WINGS INC.Owned & Optd by: Frankie's NY Wings Inc.FS-8 Level 4 SM Aura Bonifacio Global CityFort Bonifacio Taguig CityVAT Reg TIN : 009-074-986-00010MIN : 15091811250923388MSN : 8880115010003No. of Guest: 1                         Official Receipt #: 0000395847Terminal No. :   1WALK-IN                                 Cshr: CECIL VILLABETO                   ----------------------------------------Qty   Description(s)               Price----------------------------------------DINE IN                                  1.00 1/2 DOZ SPICY AIOLI         199.00 1.00 Onion Rings                 100.00------------------2 item(s)-------------   Sub Total                      299.00----------------------------------------TOTAL                             299.00Tendered:                                 CASH                            500.00Change:                           201.00----------------------------------------   Vatable Sales                  266.96   VAT  12.00%                     32.04   VAT Exempt Sales                 0.00   Zero Rated Sales                 0.00----------------------------------------7/30/2018 18:56:47RE-PRINTName : _________________________________Address : ______________________________TIN : __________________________________Cyber Frontier Electronics Trading Inc.2 Narra Drive Palmera Hts. San JuanCainta RizalVAT Reg TIN.:006-737-173-00000BIR  Accr. No.: 0460067371730006116867Date Issued:03/01/2013Valid Until.: 07/31/2020PTU No : FP092015-044-0054919-00001Date Issued : 09/24/2015Valid Until : 09/23/2020THIS RECEIPT SHALL BE VALID FOR FIVE (5) YEARS FROM THE DATE OF THE PERMIT USE.This serves as an official receipt.Thank you come again!WE DELIVER! www.foodpanda.phwww.frankiesnywings.comFacebook: frankiesnywingsInstagram/Twitter: frankieswings,1594456762"
C:/Users/joman/Documents/GitHub/EasyOCR/trainer/all_data/whole/img/data_valid/thai9_Garuda.png,"FRANKIE'S NY WINGS INC.Owned & Optd by: Frankie's NY Wings Inc.FS-8 Level 4 SM Aura Bonifacio Global CityFort Bonifacio Taguig CityVAT Reg TIN : 009-074-986-00010MIN : 15091811250923388MSN : 8880115010003No. of Guest: 1                         Official Receipt #: 0000395847Terminal No. :   1WALK-IN                                 Cshr: CECIL VILLABETO                   ----------------------------------------Qty   Description(s)               Price----------------------------------------DINE IN                                  1.00 1/2 DOZ SPICY AIOLI         199.00 1.00 Onion Rings                 100.00------------------2 item(s)-------------   Sub Total                      299.00----------------------------------------TOTAL                             299.00Tendered:                                 CASH                            500.00Change:                           201.00----------------------------------------   Vatable Sales                  266.96   VAT  12.00%                     32.04   VAT Exempt Sales                 0.00   Zero Rated Sales                 0.00----------------------------------------7/30/2018 18:56:47RE-PRINTName : _________________________________Address : ______________________________TIN : __________________________________Cyber Frontier Electronics Trading Inc.2 Narra Drive Palmera Hts. San JuanCainta RizalVAT Reg TIN.:006-737-173-00000BIR  Accr. No.: 0460067371730006116867Date Issued:03/01/2013Valid Until.: 07/31/2020PTU No : FP092015-044-0054919-00001Date Issued : 09/24/2015Valid Until : 09/23/2020THIS RECEIPT SHALL BE VALID FOR FIVE (5) YEARS FROM THE DATE OF THE PERMIT USE.This serves as an official receipt.Thank you come again!WE DELIVER! www.foodpanda.phwww.frankiesnywings.comFacebook: frankiesnywingsInstagram/Twitter: frankieswings,1594456762"
C:/Users/joman/Documents/GitHub/EasyOCR/trainer/all_data/whole/img/data_valid/thai9_TH_Sarabun_New_Regular.png,"FRANKIE'S NY WINGS INC.Owned & Optd by: Frankie's NY Wings Inc.FS-8 Level 4 SM Aura Bonifacio Global CityFort Bonifacio Taguig CityVAT Reg TIN : 009-074-986-00010MIN : 15091811250923388MSN : 8880115010003No. of Guest: 1                         Official Receipt #: 0000395847Terminal No. :   1WALK-IN                                 Cshr: CECIL VILLABETO                   ----------------------------------------Qty   Description(s)               Price----------------------------------------DINE IN                                  1.00 1/2 DOZ SPICY AIOLI         199.00 1.00 Onion Rings                 100.00------------------2 item(s)-------------   Sub Total                      299.00----------------------------------------TOTAL                             299.00Tendered:                                 CASH                            500.00Change:                           201.00----------------------------------------   Vatable Sales                  266.96   VAT  12.00%                     32.04   VAT Exempt Sales                 0.00   Zero Rated Sales                 0.00----------------------------------------7/30/2018 18:56:47RE-PRINTName : _________________________________Address : ______________________________TIN : __________________________________Cyber Frontier Electronics Trading Inc.2 Narra Drive Palmera Hts. San JuanCainta RizalVAT Reg TIN.:006-737-173-00000BIR  Accr. No.: 0460067371730006116867Date Issued:03/01/2013Valid Until.: 07/31/2020PTU No : FP092015-044-0054919-00001Date Issued : 09/24/2015Valid Until : 09/23/2020THIS RECEIPT SHALL BE VALID FOR FIVE (5) YEARS FROM THE DATE OF THE PERMIT USE.This serves as an official receipt.Thank you come again!WE DELIVER! www.foodpanda.phwww.frankiesnywings.comFacebook: frankiesnywingsInstagram/Twitter: frankieswings,1594456762"
C:/Users/joman/Documents/GitHub/EasyOCR/trainer/all_data/whole/img/data_valid/thai10_Aksaramatee_Regular.png,"FRANKIE'S NY WINGS INC.Owned & Optd by: Frankie's NY Wings Inc.FS-8 Level 4 SM Aura Bonifacio Global CityFort Bonifacio Taguig CityVAT Reg TIN : 009-074-986-00010MIN : 18112309044511749MSN : 88DPB18030017OFFICIAL RECEIPTREPRINTNo. of Guest: 1                         Official Receipt #: 0000000023Term. #:  2        Cshr: RASHIDA PURGANAWALK-IN                                 ----------------------------------------Qty   Description(s)               Price----------------------------------------DINE IN                                  1.00 Aioli Dip                  25.00 V 3.00 RICE                       90.00 V     @ 30.00                             1.00 1/2 DOZ SALTED EGG        199.00 V 1.00 1/2 DOZ SPICY RANCH       199.00 V------------------6 item(s)-------------   Sub Total                      513.00----------------------------------------TOTAL                             513.00Tendered:                                 CASH                            520.00Change:                             7.00----------------------------------------VATable Sales(V)                  458.04VAT Amount                         54.96VAT Exempt Sales(E)                 0.00Zero-Rated Sales(Z)                 0.00----------------------------------------12/27/2018 11:31:08 AMName : _________________________________Address : ______________________________TIN : __________________________________Business Style : _______________________Cyber Frontier Electronics Trading Inc.2 Narra Drive Palmera Hts. San JuanCainta RizalVAT Reg TIN.:006-737-173-00000BIR  Accr. No.: 0460067371730006116867Date Issued:03/01/2013Valid Until.: 07/31/2021PTU No : FP112018-044-0195187-00001Date Issued : 12/05/2018Valid Until : 12/04/2023THIS RECEIPT SHALL BE VALID FOR FIVE (5) YEARS FROM THE DATE OF THE PERMIT USE.This serves as an official receipt.Thank you come again!www.frankiesnywings.comFacebook: frankiesnywingsInstagram/Twitter: frankieswings,1623223594"
C:/Users/joman/Documents/GitHub/EasyOCR/trainer/all_data/whole/img/data_valid/thai10_Athiti_Medium.png,"FRANKIE'S NY WINGS INC.Owned & Optd by: Frankie's NY Wings Inc.FS-8 Level 4 SM Aura Bonifacio Global CityFort Bonifacio Taguig CityVAT Reg TIN : 009-074-986-00010MIN : 18112309044511749MSN : 88DPB18030017OFFICIAL RECEIPTREPRINTNo. of Guest: 1                         Official Receipt #: 0000000023Term. #:  2        Cshr: RASHIDA PURGANAWALK-IN                                 ----------------------------------------Qty   Description(s)               Price----------------------------------------DINE IN                                  1.00 Aioli Dip                  25.00 V 3.00 RICE                       90.00 V     @ 30.00                             1.00 1/2 DOZ SALTED EGG        199.00 V 1.00 1/2 DOZ SPICY RANCH       199.00 V------------------6 item(s)-------------   Sub Total                      513.00----------------------------------------TOTAL                             513.00Tendered:                                 CASH                            520.00Change:                             7.00----------------------------------------VATable Sales(V)                  458.04VAT Amount                         54.96VAT Exempt Sales(E)                 0.00Zero-Rated Sales(Z)                 0.00----------------------------------------12/27/2018 11:31:08 AMName : _________________________________Address : ______________________________TIN : __________________________________Business Style : _______________________Cyber Frontier Electronics Trading Inc.2 Narra Drive Palmera Hts. San JuanCainta RizalVAT Reg TIN.:006-737-173-00000BIR  Accr. No.: 0460067371730006116867Date Issued:03/01/2013Valid Until.: 07/31/2021PTU No : FP112018-044-0195187-00001Date Issued : 12/05/2018Valid Until : 12/04/2023THIS RECEIPT SHALL BE VALID FOR FIVE (5) YEARS FROM THE DATE OF THE PERMIT USE.This serves as an official receipt.Thank you come again!www.frankiesnywings.comFacebook: frankiesnywingsInstagram/Twitter: frankieswings,1623223594"
C:/Users/joman/Documents/GitHub/EasyOCR/trainer/all_data/whole/img/data_valid/thai10_ChulaNarak_Regular.png,"FRANKIE'S NY WINGS INC.Owned & Optd by: Frankie's NY Wings Inc.FS-8 Level 4 SM Aura Bonifacio Global CityFort Bonifacio Taguig CityVAT Reg TIN : 009-074-986-00010MIN : 18112309044511749MSN : 88DPB18030017OFFICIAL RECEIPTREPRINTNo. of Guest: 1                         Official Receipt #: 0000000023Term. #:  2        Cshr: RASHIDA PURGANAWALK-IN                                 ----------------------------------------Qty   Description(s)               Price----------------------------------------DINE IN                                  1.00 Aioli Dip                  25.00 V 3.00 RICE                       90.00 V     @ 30.00                             1.00 1/2 DOZ SALTED EGG        199.00 V 1.00 1/2 DOZ SPICY RANCH       199.00 V------------------6 item(s)-------------   Sub Total                      513.00----------------------------------------TOTAL                             513.00Tendered:                                 CASH                            520.00Change:                             7.00----------------------------------------VATable Sales(V)                  458.04VAT Amount                         54.96VAT Exempt Sales(E)                 0.00Zero-Rated Sales(Z)                 0.00----------------------------------------12/27/2018 11:31:08 AMName : _________________________________Address : ______________________________TIN : __________________________________Business Style : _______________________Cyber Frontier Electronics Trading Inc.2 Narra Drive Palmera Hts. San JuanCainta RizalVAT Reg TIN.:006-737-173-00000BIR  Accr. No.: 0460067371730006116867Date Issued:03/01/2013Valid Until.: 07/31/2021PTU No : FP112018-044-0195187-00001Date Issued : 12/05/2018Valid Until : 12/04/2023THIS RECEIPT SHALL BE VALID FOR FIVE (5) YEARS FROM THE DATE OF THE PERMIT USE.This serves as an official receipt.Thank you come again!www.frankiesnywings.comFacebook: frankiesnywingsInstagram/Twitter: frankieswings,1623223594"
C:/Users/joman/Documents/GitHub/EasyOCR/trainer/all_data/whole/img/data_valid/thai10_Garuda.png,"FRANKIE'S NY WINGS INC.Owned & Optd by: Frankie's NY Wings Inc.FS-8 Level 4 SM Aura Bonifacio Global CityFort Bonifacio Taguig CityVAT Reg TIN : 009-074-986-00010MIN : 18112309044511749MSN : 88DPB18030017OFFICIAL RECEIPTREPRINTNo. of Guest: 1                         Official Receipt #: 0000000023Term. #:  2        Cshr: RASHIDA PURGANAWALK-IN                                 ----------------------------------------Qty   Description(s)               Price----------------------------------------DINE IN                                  1.00 Aioli Dip                  25.00 V 3.00 RICE                       90.00 V     @ 30.00                             1.00 1/2 DOZ SALTED EGG        199.00 V 1.00 1/2 DOZ SPICY RANCH       199.00 V------------------6 item(s)-------------   Sub Total                      513.00----------------------------------------TOTAL                             513.00Tendered:                                 CASH                            520.00Change:                             7.00----------------------------------------VATable Sales(V)                  458.04VAT Amount                         54.96VAT Exempt Sales(E)                 0.00Zero-Rated Sales(Z)                 0.00----------------------------------------12/27/2018 11:31:08 AMName : _________________________________Address : ______________________________TIN : __________________________________Business Style : _______________________Cyber Frontier Electronics Trading Inc.2 Narra Drive Palmera Hts. San JuanCainta RizalVAT Reg TIN.:006-737-173-00000BIR  Accr. No.: 0460067371730006116867Date Issued:03/01/2013Valid Until.: 07/31/2021PTU No : FP112018-044-0195187-00001Date Issued : 12/05/2018Valid Until : 12/04/2023THIS RECEIPT SHALL BE VALID FOR FIVE (5) YEARS FROM THE DATE OF THE PERMIT USE.This serves as an official receipt.Thank you come again!www.frankiesnywings.comFacebook: frankiesnywingsInstagram/Twitter: frankieswings,1623223594"
C:/Users/joman/Documents/GitHub/EasyOCR/trainer/all_data/whole/img/data_valid/thai10_TH_Sarabun_New_Regular.png,"FRANKIE'S NY WINGS INC.Owned & Optd by: Frankie's NY Wings Inc.FS-8 Level 4 SM Aura Bonifacio Global CityFort Bonifacio Taguig CityVAT Reg TIN : 009-074-986-00010MIN : 18112309044511749MSN : 88DPB18030017OFFICIAL RECEIPTREPRINTNo. of Guest: 1                         Official Receipt #: 0000000023Term. #:  2        Cshr: RASHIDA PURGANAWALK-IN                                 ----------------------------------------Qty   Description(s)               Price----------------------------------------DINE IN                                  1.00 Aioli Dip                  25.00 V 3.00 RICE                       90.00 V     @ 30.00                             1.00 1/2 DOZ SALTED EGG        199.00 V 1.00 1/2 DOZ SPICY RANCH       199.00 V------------------6 item(s)-------------   Sub Total                      513.00----------------------------------------TOTAL                             513.00Tendered:                                 CASH                            520.00Change:                             7.00----------------------------------------VATable Sales(V)                  458.04VAT Amount                         54.96VAT Exempt Sales(E)                 0.00Zero-Rated Sales(Z)                 0.00----------------------------------------12/27/2018 11:31:08 AMName : _________________________________Address : ______________________________TIN : __________________________________Business Style : _______________________Cyber Frontier Electronics Trading Inc.2 Narra Drive Palmera Hts. San JuanCainta RizalVAT Reg TIN.:006-737-173-00000BIR  Accr. No.: 0460067371730006116867Date Issued:03/01/2013Valid Until.: 07/31/2021PTU No : FP112018-044-0195187-00001Date Issued : 12/05/2018Valid Until : 12/04/2023THIS RECEIPT SHALL BE VALID FOR FIVE (5) YEARS FROM THE DATE OF THE PERMIT USE.This serves as an official receipt.Thank you come again!www.frankiesnywings.comFacebook: frankiesnywingsInstagram/Twitter: frankieswings,1623223594"
C:/Users/joman/Documents/GitHub/EasyOCR/trainer/all_data/whole/img/data_valid/thai11_Aksaramatee_Regular.png,"FRANKIE'S NY WINGS INC.Owned & Optd by: Frankie's NY Wings Inc.FS-8 Level 4 SM Aura Bonifacio Global CityFort Bonifacio Taguig CityVAT Reg TIN : 009-074-986-00010MIN : 18112309044511749MSN : 88DPB18030017No. of Guest: 1                         Official Receipt #: 0000000217Terminal No. :   2WALK-IN                                 Cshr: ROSELLE DELMONTE                  ----------------------------------------Qty   Description(s)               Price----------------------------------------DINE IN                                  1.00 TWISTER FRIES               120.00 1.00 SPRITE - 16 OZ               52.00 2.00 RICE                         60.00     @ 30.00                             1.00 1/2 DOZ KOREAN              199.00------------------5 item(s)-------------   Sub Total                      431.00----------------------------------------TOTAL                             431.00Tendered:                                 CASH                           1000.00Change:                           569.00----------------------------------------   Vatable Sales                  384.82   VAT  12.00%                     46.18   VAT Exempt Sales                 0.00   Zero Rated Sales                 0.00----------------------------------------12/27/2018 15:16:56RE-PRINTName : _________________________________Address : ______________________________TIN : __________________________________Cyber Frontier Electronics Trading Inc.2 Narra Drive Palmera Hts. San JuanCainta RizalVAT Reg TIN.:006-737-173-00000BIR  Accr. No.: 0460067371730006116867Date Issued:03/01/2013Valid Until.: 07/31/2021PTU No : FP112018-044-0195187-00001Date Issued : 12/05/2018Valid Until : 12/04/2023THIS RECEIPT SHALL BE VALID FOR FIVE (5) YEARS FROM THE DATE OF THE PERMIT USE.This serves as an official receipt.Thank you come again!www.frankiesnywings.comFacebook: frankiesnywingsInstagram/Twitter: frankieswings,1611751912"
C:/Users/joman/Documents/GitHub/EasyOCR/trainer/all_data/whole/img/data_valid/thai11_Athiti_Medium.png,"FRANKIE'S NY WINGS INC.Owned & Optd by: Frankie's NY Wings Inc.FS-8 Level 4 SM Aura Bonifacio Global CityFort Bonifacio Taguig CityVAT Reg TIN : 009-074-986-00010MIN : 18112309044511749MSN : 88DPB18030017No. of Guest: 1                         Official Receipt #: 0000000217Terminal No. :   2WALK-IN                                 Cshr: ROSELLE DELMONTE                  ----------------------------------------Qty   Description(s)               Price----------------------------------------DINE IN                                  1.00 TWISTER FRIES               120.00 1.00 SPRITE - 16 OZ               52.00 2.00 RICE                         60.00     @ 30.00                             1.00 1/2 DOZ KOREAN              199.00------------------5 item(s)-------------   Sub Total                      431.00----------------------------------------TOTAL                             431.00Tendered:                                 CASH                           1000.00Change:                           569.00----------------------------------------   Vatable Sales                  384.82   VAT  12.00%                     46.18   VAT Exempt Sales                 0.00   Zero Rated Sales                 0.00----------------------------------------12/27/2018 15:16:56RE-PRINTName : _________________________________Address : ______________________________TIN : __________________________________Cyber Frontier Electronics Trading Inc.2 Narra Drive Palmera Hts. San JuanCainta RizalVAT Reg TIN.:006-737-173-00000BIR  Accr. No.: 0460067371730006116867Date Issued:03/01/2013Valid Until.: 07/31/2021PTU No : FP112018-044-0195187-00001Date Issued : 12/05/2018Valid Until : 12/04/2023THIS RECEIPT SHALL BE VALID FOR FIVE (5) YEARS FROM THE DATE OF THE PERMIT USE.This serves as an official receipt.Thank you come again!www.frankiesnywings.comFacebook: frankiesnywingsInstagram/Twitter: frankieswings,1611751912"
C:/Users/joman/Documents/GitHub/EasyOCR/trainer/all_data/whole/img/data_valid/thai11_ChulaNarak_Regular.png,"FRANKIE'S NY WINGS INC.Owned & Optd by: Frankie's NY Wings Inc.FS-8 Level 4 SM Aura Bonifacio Global CityFort Bonifacio Taguig CityVAT Reg TIN : 009-074-986-00010MIN : 18112309044511749MSN : 88DPB18030017No. of Guest: 1                         Official Receipt #: 0000000217Terminal No. :   2WALK-IN                                 Cshr: ROSELLE DELMONTE                  ----------------------------------------Qty   Description(s)               Price----------------------------------------DINE IN                                  1.00 TWISTER FRIES               120.00 1.00 SPRITE - 16 OZ               52.00 2.00 RICE                         60.00     @ 30.00                             1.00 1/2 DOZ KOREAN              199.00------------------5 item(s)-------------   Sub Total                      431.00----------------------------------------TOTAL                             431.00Tendered:                                 CASH                           1000.00Change:                           569.00----------------------------------------   Vatable Sales                  384.82   VAT  12.00%                     46.18   VAT Exempt Sales                 0.00   Zero Rated Sales                 0.00----------------------------------------12/27/2018 15:16:56RE-PRINTName : _________________________________Address : ______________________________TIN : __________________________________Cyber Frontier Electronics Trading Inc.2 Narra Drive Palmera Hts. San JuanCainta RizalVAT Reg TIN.:006-737-173-00000BIR  Accr. No.: 0460067371730006116867Date Issued:03/01/2013Valid Until.: 07/31/2021PTU No : FP112018-044-0195187-00001Date Issued : 12/05/2018Valid Until : 12/04/2023THIS RECEIPT SHALL BE VALID FOR FIVE (5) YEARS FROM THE DATE OF THE PERMIT USE.This serves as an official receipt.Thank you come again!www.frankiesnywings.comFacebook: frankiesnywingsInstagram/Twitter: frankieswings,1611751912"
C:/Users/joman/Documents/GitHub/EasyOCR/trainer/all_data/whole/img/data_valid/thai11_Garuda.png,"FRANKIE'S NY WINGS INC.Owned & Optd by: Frankie's NY Wings Inc.FS-8 Level 4 SM Aura Bonifacio Global CityFort Bonifacio Taguig CityVAT Reg TIN : 009-074-986-00010MIN : 18112309044511749MSN : 88DPB18030017No. of Guest: 1                         Official Receipt #: 0000000217Terminal No. :   2WALK-IN                                 Cshr: ROSELLE DELMONTE                  ----------------------------------------Qty   Description(s)               Price----------------------------------------DINE IN                                  1.00 TWISTER FRIES               120.00 1.00 SPRITE - 16 OZ               52.00 2.00 RICE                         60.00     @ 30.00                             1.00 1/2 DOZ KOREAN              199.00------------------5 item(s)-------------   Sub Total                      431.00----------------------------------------TOTAL                             431.00Tendered:                                 CASH                           1000.00Change:                           569.00----------------------------------------   Vatable Sales                  384.82   VAT  12.00%                     46.18   VAT Exempt Sales                 0.00   Zero Rated Sales                 0.00----------------------------------------12/27/2018 15:16:56RE-PRINTName : _________________________________Address : ______________________________TIN : __________________________________Cyber Frontier Electronics Trading Inc.2 Narra Drive Palmera Hts. San JuanCainta RizalVAT Reg TIN.:006-737-173-00000BIR  Accr. No.: 0460067371730006116867Date Issued:03/01/2013Valid Until.: 07/31/2021PTU No : FP112018-044-0195187-00001Date Issued : 12/05/2018Valid Until : 12/04/2023THIS RECEIPT SHALL BE VALID FOR FIVE (5) YEARS FROM THE DATE OF THE PERMIT USE.This serves as an official receipt.Thank you come again!www.frankiesnywings.comFacebook: frankiesnywingsInstagram/Twitter: frankieswings,1611751912"
C:/Users/joman/Documents/GitHub/EasyOCR/trainer/all_data/whole/img/data_valid/thai11_TH_Sarabun_New_Regular.png,"FRANKIE'S NY WINGS INC.Owned & Optd by: Frankie's NY Wings Inc.FS-8 Level 4 SM Aura Bonifacio Global CityFort Bonifacio Taguig CityVAT Reg TIN : 009-074-986-00010MIN : 18112309044511749MSN : 88DPB18030017No. of Guest: 1                         Official Receipt #: 0000000217Terminal No. :   2WALK-IN                                 Cshr: ROSELLE DELMONTE                  ----------------------------------------Qty   Description(s)               Price----------------------------------------DINE IN                                  1.00 TWISTER FRIES               120.00 1.00 SPRITE - 16 OZ               52.00 2.00 RICE                         60.00     @ 30.00                             1.00 1/2 DOZ KOREAN              199.00------------------5 item(s)-------------   Sub Total                      431.00----------------------------------------TOTAL                             431.00Tendered:                                 CASH                           1000.00Change:                           569.00----------------------------------------   Vatable Sales                  384.82   VAT  12.00%                     46.18   VAT Exempt Sales                 0.00   Zero Rated Sales                 0.00----------------------------------------12/27/2018 15:16:56RE-PRINTName : _________________________________Address : ______________________________TIN : __________________________________Cyber Frontier Electronics Trading Inc.2 Narra Drive Palmera Hts. San JuanCainta RizalVAT Reg TIN.:006-737-173-00000BIR  Accr. No.: 0460067371730006116867Date Issued:03/01/2013Valid Until.: 07/31/2021PTU No : FP112018-044-0195187-00001Date Issued : 12/05/2018Valid Until : 12/04/2023THIS RECEIPT SHALL BE VALID FOR FIVE (5) YEARS FROM THE DATE OF THE PERMIT USE.This serves as an official receipt.Thank you come again!www.frankiesnywings.comFacebook: frankiesnywingsInstagram/Twitter: frankieswings,1611751912"
C:/Users/joman/Documents/GitHub/EasyOCR/trainer/all_data/whole/img/data_valid/thai12_Aksaramatee_Regular.png,"FRANKIE'S NY WINGS INC.Owned & Optd by: Frankie's NY Wings Inc.FS-8 Level 4 SM Aura Bonifacio Global CityFort Bonifacio Taguig CityVAT Reg TIN : 009-074-986-00010MIN : 18112309044511749MSN : 88DPB18030017No. of Guest: 1                         Official Receipt #: 0000000001Terminal No. :   2WALK-IN                                 Cshr: RASHIDA PURGANAN                  ----------------------------------------Qty   Description(s)               Price----------------------------------------DINE IN                                  1.00 1 DOZ GARLIC PARMESAN       369.00 1.00 1 DOZ SALTED EGG            369.00 1.00 1 DOZ SPICY BC              369.00 1.00 Aioli Dip                    25.00 1.00 Blue Cheese Dip              25.00------------------5 item(s)-------------   Sub Total                    1,157.00----------------------------------------TOTAL                           1,157.00Tendered:                                 CASH                           1200.00Change:                            43.00----------------------------------------   Vatable Sales                1,033.04   VAT  12.00%                    123.96   VAT Exempt Sales                 0.00   Zero Rated Sales                 0.00----------------------------------------12/27/2018 11:05:19RE-PRINTName : _________________________________Address : ______________________________TIN : __________________________________Business Style : _______________________Cyber Frontier Electronics Trading Inc.2 Narra Drive Palmera Hts. San JuanCainta RizalVAT Reg TIN.:006-737-173-00000BIR  Accr. No.: 0460067371730006116867Date Issued:03/01/2013Valid Until.: 07/31/2021PTU No : FP112018-044-0195187-00001Date Issued : 12/05/2018Valid Until : 12/04/2023THIS RECEIPT SHALL BE VALID FOR FIVE (5) YEARS FROM THE DATE OF THE PERMIT USE.This serves as an official receipt.Thank you come again!www.frankiesnywings.comFacebook: frankiesnywingsInstagram/Twitter: frankieswings,1609490883"
C:/Users/joman/Documents/GitHub/EasyOCR/trainer/all_data/whole/img/data_valid/thai12_Athiti_Medium.png,"FRANKIE'S NY WINGS INC.Owned & Optd by: Frankie's NY Wings Inc.FS-8 Level 4 SM Aura Bonifacio Global CityFort Bonifacio Taguig CityVAT Reg TIN : 009-074-986-00010MIN : 18112309044511749MSN : 88DPB18030017No. of Guest: 1                         Official Receipt #: 0000000001Terminal No. :   2WALK-IN                                 Cshr: RASHIDA PURGANAN                  ----------------------------------------Qty   Description(s)               Price----------------------------------------DINE IN                                  1.00 1 DOZ GARLIC PARMESAN       369.00 1.00 1 DOZ SALTED EGG            369.00 1.00 1 DOZ SPICY BC              369.00 1.00 Aioli Dip                    25.00 1.00 Blue Cheese Dip              25.00------------------5 item(s)-------------   Sub Total                    1,157.00----------------------------------------TOTAL                           1,157.00Tendered:                                 CASH                           1200.00Change:                            43.00----------------------------------------   Vatable Sales                1,033.04   VAT  12.00%                    123.96   VAT Exempt Sales                 0.00   Zero Rated Sales                 0.00----------------------------------------12/27/2018 11:05:19RE-PRINTName : _________________________________Address : ______________________________TIN : __________________________________Business Style : _______________________Cyber Frontier Electronics Trading Inc.2 Narra Drive Palmera Hts. San JuanCainta RizalVAT Reg TIN.:006-737-173-00000BIR  Accr. No.: 0460067371730006116867Date Issued:03/01/2013Valid Until.: 07/31/2021PTU No : FP112018-044-0195187-00001Date Issued : 12/05/2018Valid Until : 12/04/2023THIS RECEIPT SHALL BE VALID FOR FIVE (5) YEARS FROM THE DATE OF THE PERMIT USE.This serves as an official receipt.Thank you come again!www.frankiesnywings.comFacebook: frankiesnywingsInstagram/Twitter: frankieswings,1609490883"
C:/Users/joman/Documents/GitHub/EasyOCR/trainer/all_data/whole/img/data_valid/thai12_ChulaNarak_Regular.png,"FRANKIE'S NY WINGS INC.Owned & Optd by: Frankie's NY Wings Inc.FS-8 Level 4 SM Aura Bonifacio Global CityFort Bonifacio Taguig CityVAT Reg TIN : 009-074-986-00010MIN : 18112309044511749MSN : 88DPB18030017No. of Guest: 1                         Official Receipt #: 0000000001Terminal No. :   2WALK-IN                                 Cshr: RASHIDA PURGANAN                  ----------------------------------------Qty   Description(s)               Price----------------------------------------DINE IN                                  1.00 1 DOZ GARLIC PARMESAN       369.00 1.00 1 DOZ SALTED EGG            369.00 1.00 1 DOZ SPICY BC              369.00 1.00 Aioli Dip                    25.00 1.00 Blue Cheese Dip              25.00------------------5 item(s)-------------   Sub Total                    1,157.00----------------------------------------TOTAL                           1,157.00Tendered:                                 CASH                           1200.00Change:                            43.00----------------------------------------   Vatable Sales                1,033.04   VAT  12.00%                    123.96   VAT Exempt Sales                 0.00   Zero Rated Sales                 0.00----------------------------------------12/27/2018 11:05:19RE-PRINTName : _________________________________Address : ______________________________TIN : __________________________________Business Style : _______________________Cyber Frontier Electronics Trading Inc.2 Narra Drive Palmera Hts. San JuanCainta RizalVAT Reg TIN.:006-737-173-00000BIR  Accr. No.: 0460067371730006116867Date Issued:03/01/2013Valid Until.: 07/31/2021PTU No : FP112018-044-0195187-00001Date Issued : 12/05/2018Valid Until : 12/04/2023THIS RECEIPT SHALL BE VALID FOR FIVE (5) YEARS FROM THE DATE OF THE PERMIT USE.This serves as an official receipt.Thank you come again!www.frankiesnywings.comFacebook: frankiesnywingsInstagram/Twitter: frankieswings,1609490883"
C:/Users/joman/Documents/GitHub/EasyOCR/trainer/all_data/whole/img/data_valid/thai12_Garuda.png,"FRANKIE'S NY WINGS INC.Owned & Optd by: Frankie's NY Wings Inc.FS-8 Level 4 SM Aura Bonifacio Global CityFort Bonifacio Taguig CityVAT Reg TIN : 009-074-986-00010MIN : 18112309044511749MSN : 88DPB18030017No. of Guest: 1                         Official Receipt #: 0000000001Terminal No. :   2WALK-IN                                 Cshr: RASHIDA PURGANAN                  ----------------------------------------Qty   Description(s)               Price----------------------------------------DINE IN                                  1.00 1 DOZ GARLIC PARMESAN       369.00 1.00 1 DOZ SALTED EGG            369.00 1.00 1 DOZ SPICY BC              369.00 1.00 Aioli Dip                    25.00 1.00 Blue Cheese Dip              25.00------------------5 item(s)-------------   Sub Total                    1,157.00----------------------------------------TOTAL                           1,157.00Tendered:                                 CASH                           1200.00Change:                            43.00----------------------------------------   Vatable Sales                1,033.04   VAT  12.00%                    123.96   VAT Exempt Sales                 0.00   Zero Rated Sales                 0.00----------------------------------------12/27/2018 11:05:19RE-PRINTName : _________________________________Address : ______________________________TIN : __________________________________Business Style : _______________________Cyber Frontier Electronics Trading Inc.2 Narra Drive Palmera Hts. San JuanCainta RizalVAT Reg TIN.:006-737-173-00000BIR  Accr. No.: 0460067371730006116867Date Issued:03/01/2013Valid Until.: 07/31/2021PTU No : FP112018-044-0195187-00001Date Issued : 12/05/2018Valid Until : 12/04/2023THIS RECEIPT SHALL BE VALID FOR FIVE (5) YEARS FROM THE DATE OF THE PERMIT USE.This serves as an official receipt.Thank you come again!www.frankiesnywings.comFacebook: frankiesnywingsInstagram/Twitter: frankieswings,1609490883"
C:/Users/joman/Documents/GitHub/EasyOCR/trainer/all_data/whole/img/data_valid/thai12_TH_Sarabun_New_Regular.png,"FRANKIE'S NY WINGS INC.Owned & Optd by: Frankie's NY Wings Inc.FS-8 Level 4 SM Aura Bonifacio Global CityFort Bonifacio Taguig CityVAT Reg TIN : 009-074-986-00010MIN : 18112309044511749MSN : 88DPB18030017No. of Guest: 1                         Official Receipt #: 0000000001Terminal No. :   2WALK-IN                                 Cshr: RASHIDA PURGANAN                  ----------------------------------------Qty   Description(s)               Price----------------------------------------DINE IN                                  1.00 1 DOZ GARLIC PARMESAN       369.00 1.00 1 DOZ SALTED EGG            369.00 1.00 1 DOZ SPICY BC              369.00 1.00 Aioli Dip                    25.00 1.00 Blue Cheese Dip              25.00------------------5 item(s)-------------   Sub Total                    1,157.00----------------------------------------TOTAL                           1,157.00Tendered:                                 CASH                           1200.00Change:                            43.00----------------------------------------   Vatable Sales                1,033.04   VAT  12.00%                    123.96   VAT Exempt Sales                 0.00   Zero Rated Sales                 0.00----------------------------------------12/27/2018 11:05:19RE-PRINTName : _________________________________Address : ______________________________TIN : __________________________________Business Style : _______________________Cyber Frontier Electronics Trading Inc.2 Narra Drive Palmera Hts. San JuanCainta RizalVAT Reg TIN.:006-737-173-00000BIR  Accr. No.: 0460067371730006116867Date Issued:03/01/2013Valid Until.: 07/31/2021PTU No : FP112018-044-0195187-00001Date Issued : 12/05/2018Valid Until : 12/04/2023THIS RECEIPT SHALL BE VALID FOR FIVE (5) YEARS FROM THE DATE OF THE PERMIT USE.This serves as an official receipt.Thank you come again!www.frankiesnywings.comFacebook: frankiesnywingsInstagram/Twitter: frankieswings,1609490883"
C:/Users/joman/Documents/GitHub/EasyOCR/trainer/all_data/whole/img/data_valid/thai13_Aksaramatee_Regular.png,"FRANKIE'S NY WINGS INC.Owned & Optd by: Frankie's NY Wings Inc.FS-8 Level 4 SM Aura Bonifacio Global CityFort Bonifacio Taguig CityVAT Reg TIN : 009-074-986-00010MIN : 18112309044511749MSN : 88DPB18030017No. of Guest: 1                         Official Receipt #: 0000000001Terminal No. :   2WALK-IN                                 Cshr: RASHIDA PURGANAN                  ----------------------------------------Qty   Description(s)               Price----------------------------------------DINE IN                                  1.00 1 DOZ GARLIC PARMESAN       369.00 1.00 1 DOZ SALTED EGG            369.00 1.00 1 DOZ SPICY BC              369.00 1.00 Aioli Dip                    25.00 1.00 Blue Cheese Dip              25.00------------------5 item(s)-------------   Sub Total                    1,157.00----------------------------------------TOTAL                           1,157.00Tendered:                                 CASH                           1200.00Change:                            43.00----------------------------------------   Vatable Sales                1,033.04   VAT  12.00%                    123.96   VAT Exempt Sales                 0.00   Zero Rated Sales                 0.00----------------------------------------12/27/2018 11:05:19RE-PRINTName : _________________________________Address : ______________________________TIN : __________________________________Business Style : _______________________Cyber Frontier Electronics Trading Inc.2 Narra Drive Palmera Hts. San JuanCainta RizalVAT Reg TIN.:006-737-173-00000BIR  Accr. No.: 0460067371730006116867Date Issued:03/01/2013Valid Until.: 07/31/2020PTU No : FP092015-044-0054919-00001Date Issued : 12/05/2018Valid Until : 12/04/2023THIS RECEIPT SHALL BE VALID FOR FIVE (5) YEARS FROM THE DATE OF THE PERMIT USE.This serves as an official receipt.Thank you come again!WE DELIVER! www.foodpanda.phwww.frankiesnywings.comFacebook: frankiesnywingsInstagram/Twitter: frankieswings,1594615027"
C:/Users/joman/Documents/GitHub/EasyOCR/trainer/all_data/whole/img/data_valid/thai13_Athiti_Medium.png,"FRANKIE'S NY WINGS INC.Owned & Optd by: Frankie's NY Wings Inc.FS-8 Level 4 SM Aura Bonifacio Global CityFort Bonifacio Taguig CityVAT Reg TIN : 009-074-986-00010MIN : 18112309044511749MSN : 88DPB18030017No. of Guest: 1                         Official Receipt #: 0000000001Terminal No. :   2WALK-IN                                 Cshr: RASHIDA PURGANAN                  ----------------------------------------Qty   Description(s)               Price----------------------------------------DINE IN                                  1.00 1 DOZ GARLIC PARMESAN       369.00 1.00 1 DOZ SALTED EGG            369.00 1.00 1 DOZ SPICY BC              369.00 1.00 Aioli Dip                    25.00 1.00 Blue Cheese Dip              25.00------------------5 item(s)-------------   Sub Total                    1,157.00----------------------------------------TOTAL                           1,157.00Tendered:                                 CASH                           1200.00Change:                            43.00----------------------------------------   Vatable Sales                1,033.04   VAT  12.00%                    123.96   VAT Exempt Sales                 0.00   Zero Rated Sales                 0.00----------------------------------------12/27/2018 11:05:19RE-PRINTName : _________________________________Address : ______________________________TIN : __________________________________Business Style : _______________________Cyber Frontier Electronics Trading Inc.2 Narra Drive Palmera Hts. San JuanCainta RizalVAT Reg TIN.:006-737-173-00000BIR  Accr. No.: 0460067371730006116867Date Issued:03/01/2013Valid Until.: 07/31/2020PTU No : FP092015-044-0054919-00001Date Issued : 12/05/2018Valid Until : 12/04/2023THIS RECEIPT SHALL BE VALID FOR FIVE (5) YEARS FROM THE DATE OF THE PERMIT USE.This serves as an official receipt.Thank you come again!WE DELIVER! www.foodpanda.phwww.frankiesnywings.comFacebook: frankiesnywingsInstagram/Twitter: frankieswings,1594615027"
C:/Users/joman/Documents/GitHub/EasyOCR/trainer/all_data/whole/img/data_valid/thai13_ChulaNarak_Regular.png,"FRANKIE'S NY WINGS INC.Owned & Optd by: Frankie's NY Wings Inc.FS-8 Level 4 SM Aura Bonifacio Global CityFort Bonifacio Taguig CityVAT Reg TIN : 009-074-986-00010MIN : 18112309044511749MSN : 88DPB18030017No. of Guest: 1                         Official Receipt #: 0000000001Terminal No. :   2WALK-IN                                 Cshr: RASHIDA PURGANAN                  ----------------------------------------Qty   Description(s)               Price----------------------------------------DINE IN                                  1.00 1 DOZ GARLIC PARMESAN       369.00 1.00 1 DOZ SALTED EGG            369.00 1.00 1 DOZ SPICY BC              369.00 1.00 Aioli Dip                    25.00 1.00 Blue Cheese Dip              25.00------------------5 item(s)-------------   Sub Total                    1,157.00----------------------------------------TOTAL                           1,157.00Tendered:                                 CASH                           1200.00Change:                            43.00----------------------------------------   Vatable Sales                1,033.04   VAT  12.00%                    123.96   VAT Exempt Sales                 0.00   Zero Rated Sales                 0.00----------------------------------------12/27/2018 11:05:19RE-PRINTName : _________________________________Address : ______________________________TIN : __________________________________Business Style : _______________________Cyber Frontier Electronics Trading Inc.2 Narra Drive Palmera Hts. San JuanCainta RizalVAT Reg TIN.:006-737-173-00000BIR  Accr. No.: 0460067371730006116867Date Issued:03/01/2013Valid Until.: 07/31/2020PTU No : FP092015-044-0054919-00001Date Issued : 12/05/2018Valid Until : 12/04/2023THIS RECEIPT SHALL BE VALID FOR FIVE (5) YEARS FROM THE DATE OF THE PERMIT USE.This serves as an official receipt.Thank you come again!WE DELIVER! www.foodpanda.phwww.frankiesnywings.comFacebook: frankiesnywingsInstagram/Twitter: frankieswings,1594615027"
C:/Users/joman/Documents/GitHub/EasyOCR/trainer/all_data/whole/img/data_valid/thai13_Garuda.png,"FRANKIE'S NY WINGS INC.Owned & Optd by: Frankie's NY Wings Inc.FS-8 Level 4 SM Aura Bonifacio Global CityFort Bonifacio Taguig CityVAT Reg TIN : 009-074-986-00010MIN : 18112309044511749MSN : 88DPB18030017No. of Guest: 1                         Official Receipt #: 0000000001Terminal No. :   2WALK-IN                                 Cshr: RASHIDA PURGANAN                  ----------------------------------------Qty   Description(s)               Price----------------------------------------DINE IN                                  1.00 1 DOZ GARLIC PARMESAN       369.00 1.00 1 DOZ SALTED EGG            369.00 1.00 1 DOZ SPICY BC              369.00 1.00 Aioli Dip                    25.00 1.00 Blue Cheese Dip              25.00------------------5 item(s)-------------   Sub Total                    1,157.00----------------------------------------TOTAL                           1,157.00Tendered:                                 CASH                           1200.00Change:                            43.00----------------------------------------   Vatable Sales                1,033.04   VAT  12.00%                    123.96   VAT Exempt Sales                 0.00   Zero Rated Sales                 0.00----------------------------------------12/27/2018 11:05:19RE-PRINTName : _________________________________Address : ______________________________TIN : __________________________________Business Style : _______________________Cyber Frontier Electronics Trading Inc.2 Narra Drive Palmera Hts. San JuanCainta RizalVAT Reg TIN.:006-737-173-00000BIR  Accr. No.: 0460067371730006116867Date Issued:03/01/2013Valid Until.: 07/31/2020PTU No : FP092015-044-0054919-00001Date Issued : 12/05/2018Valid Until : 12/04/2023THIS RECEIPT SHALL BE VALID FOR FIVE (5) YEARS FROM THE DATE OF THE PERMIT USE.This serves as an official receipt.Thank you come again!WE DELIVER! www.foodpanda.phwww.frankiesnywings.comFacebook: frankiesnywingsInstagram/Twitter: frankieswings,1594615027"
C:/Users/joman/Documents/GitHub/EasyOCR/trainer/all_data/whole/img/data_valid/thai13_TH_Sarabun_New_Regular.png,"FRANKIE'S NY WINGS INC.Owned & Optd by: Frankie's NY Wings Inc.FS-8 Level 4 SM Aura Bonifacio Global CityFort Bonifacio Taguig CityVAT Reg TIN : 009-074-986-00010MIN : 18112309044511749MSN : 88DPB18030017No. of Guest: 1                         Official Receipt #: 0000000001Terminal No. :   2WALK-IN                                 Cshr: RASHIDA PURGANAN                  ----------------------------------------Qty   Description(s)               Price----------------------------------------DINE IN                                  1.00 1 DOZ GARLIC PARMESAN       369.00 1.00 1 DOZ SALTED EGG            369.00 1.00 1 DOZ SPICY BC              369.00 1.00 Aioli Dip                    25.00 1.00 Blue Cheese Dip              25.00------------------5 item(s)-------------   Sub Total                    1,157.00----------------------------------------TOTAL                           1,157.00Tendered:                                 CASH                           1200.00Change:                            43.00----------------------------------------   Vatable Sales                1,033.04   VAT  12.00%                    123.96   VAT Exempt Sales                 0.00   Zero Rated Sales                 0.00----------------------------------------12/27/2018 11:05:19RE-PRINTName : _________________________________Address : ______________________________TIN : __________________________________Business Style : _______________________Cyber Frontier Electronics Trading Inc.2 Narra Drive Palmera Hts. San JuanCainta RizalVAT Reg TIN.:006-737-173-00000BIR  Accr. No.: 0460067371730006116867Date Issued:03/01/2013Valid Until.: 07/31/2020PTU No : FP092015-044-0054919-00001Date Issued : 12/05/2018Valid Until : 12/04/2023THIS RECEIPT SHALL BE VALID FOR FIVE (5) YEARS FROM THE DATE OF THE PERMIT USE.This serves as an official receipt.Thank you come again!WE DELIVER! www.foodpanda.phwww.frankiesnywings.comFacebook: frankiesnywingsInstagram/Twitter: frankieswings,1594615027"
C:/Users/joman/Documents/GitHub/EasyOCR/trainer/all_data/whole/img/data_valid/thai14_Aksaramatee_Regular.png,"FRANKIE'S NY WINGS INC.Owned & Optd by: Frankie's NY Wings Inc.FS-8 Level 4 SM Aura Bonifacio Global CityFort Bonifacio Taguig CityVAT Reg TIN : 009-074-986-00010MIN : 18112309044511749MSN : 88DPB18030017No. of Guest: 1                         Official Receipt #: 0000000001Terminal No. :   2WALK-IN                                 Cshr: RASHIDA PURGANAN                  ----------------------------------------Qty   Description(s)               Price----------------------------------------DINE IN                                  1.00 1 DOZ GARLIC PARMESAN       369.00 1.00 1 DOZ SALTED EGG            369.00 1.00 1 DOZ SPICY BC              369.00 1.00 Aioli Dip                    25.00 1.00 Blue Cheese Dip              25.00------------------5 item(s)-------------   Sub Total                    1,157.00----------------------------------------TOTAL                           1,157.00Tendered:                                 CASH                           1200.00Change:                            43.00----------------------------------------   Vatable Sales                1,033.04   VAT  12.00%                    123.96   VAT Exempt Sales                 0.00   Zero Rated Sales                 0.00----------------------------------------12/27/2018 11:05:19RE-PRINTName : _________________________________Address : ______________________________TIN : __________________________________Business Style : _______________________Cyber Frontier Electronics Trading Inc.2 Narra Drive Palmera Hts. San JuanCainta RizalVAT Reg TIN.:006-737-173-00000BIR  Accr. No.: 0460067371730006116867Date Issued:03/01/2013Valid Until.: 07/31/2020PTU No : FP092015-044-0054919-00001Date Issued : 12/05/2018Valid Until : 12/04/2023THIS RECEIPT SHALL BE VALID FOR FIVE (5) YEARS FROM THE DATE OF THE PERMIT USE.This serves as an official receipt.Thank you come again!WE DELIVER! www.foodpanda.phwww.frankiesnywings.comFacebook: frankiesnywingsInstagram/Twitter: frankieswings,1594456742"
C:/Users/joman/Documents/GitHub/EasyOCR/trainer/all_data/whole/img/data_valid/thai14_Athiti_Medium.png,"FRANKIE'S NY WINGS INC.Owned & Optd by: Frankie's NY Wings Inc.FS-8 Level 4 SM Aura Bonifacio Global CityFort Bonifacio Taguig CityVAT Reg TIN : 009-074-986-00010MIN : 18112309044511749MSN : 88DPB18030017No. of Guest: 1                         Official Receipt #: 0000000001Terminal No. :   2WALK-IN                                 Cshr: RASHIDA PURGANAN                  ----------------------------------------Qty   Description(s)               Price----------------------------------------DINE IN                                  1.00 1 DOZ GARLIC PARMESAN       369.00 1.00 1 DOZ SALTED EGG            369.00 1.00 1 DOZ SPICY BC              369.00 1.00 Aioli Dip                    25.00 1.00 Blue Cheese Dip              25.00------------------5 item(s)-------------   Sub Total                    1,157.00----------------------------------------TOTAL                           1,157.00Tendered:                                 CASH                           1200.00Change:                            43.00----------------------------------------   Vatable Sales                1,033.04   VAT  12.00%                    123.96   VAT Exempt Sales                 0.00   Zero Rated Sales                 0.00----------------------------------------12/27/2018 11:05:19RE-PRINTName : _________________________________Address : ______________________________TIN : __________________________________Business Style : _______________________Cyber Frontier Electronics Trading Inc.2 Narra Drive Palmera Hts. San JuanCainta RizalVAT Reg TIN.:006-737-173-00000BIR  Accr. No.: 0460067371730006116867Date Issued:03/01/2013Valid Until.: 07/31/2020PTU No : FP092015-044-0054919-00001Date Issued : 12/05/2018Valid Until : 12/04/2023THIS RECEIPT SHALL BE VALID FOR FIVE (5) YEARS FROM THE DATE OF THE PERMIT USE.This serves as an official receipt.Thank you come again!WE DELIVER! www.foodpanda.phwww.frankiesnywings.comFacebook: frankiesnywingsInstagram/Twitter: frankieswings,1594456742"
C:/Users/joman/Documents/GitHub/EasyOCR/trainer/all_data/whole/img/data_valid/thai14_ChulaNarak_Regular.png,"FRANKIE'S NY WINGS INC.Owned & Optd by: Frankie's NY Wings Inc.FS-8 Level 4 SM Aura Bonifacio Global CityFort Bonifacio Taguig CityVAT Reg TIN : 009-074-986-00010MIN : 18112309044511749MSN : 88DPB18030017No. of Guest: 1                         Official Receipt #: 0000000001Terminal No. :   2WALK-IN                                 Cshr: RASHIDA PURGANAN                  ----------------------------------------Qty   Description(s)               Price----------------------------------------DINE IN                                  1.00 1 DOZ GARLIC PARMESAN       369.00 1.00 1 DOZ SALTED EGG            369.00 1.00 1 DOZ SPICY BC              369.00 1.00 Aioli Dip                    25.00 1.00 Blue Cheese Dip              25.00------------------5 item(s)-------------   Sub Total                    1,157.00----------------------------------------TOTAL                           1,157.00Tendered:                                 CASH                           1200.00Change:                            43.00----------------------------------------   Vatable Sales                1,033.04   VAT  12.00%                    123.96   VAT Exempt Sales                 0.00   Zero Rated Sales                 0.00----------------------------------------12/27/2018 11:05:19RE-PRINTName : _________________________________Address : ______________________________TIN : __________________________________Business Style : _______________________Cyber Frontier Electronics Trading Inc.2 Narra Drive Palmera Hts. San JuanCainta RizalVAT Reg TIN.:006-737-173-00000BIR  Accr. No.: 0460067371730006116867Date Issued:03/01/2013Valid Until.: 07/31/2020PTU No : FP092015-044-0054919-00001Date Issued : 12/05/2018Valid Until : 12/04/2023THIS RECEIPT SHALL BE VALID FOR FIVE (5) YEARS FROM THE DATE OF THE PERMIT USE.This serves as an official receipt.Thank you come again!WE DELIVER! www.foodpanda.phwww.frankiesnywings.comFacebook: frankiesnywingsInstagram/Twitter: frankieswings,1594456742"
C:/Users/joman/Documents/GitHub/EasyOCR/trainer/all_data/whole/img/data_valid/thai14_Garuda.png,"FRANKIE'S NY WINGS INC.Owned & Optd by: Frankie's NY Wings Inc.FS-8 Level 4 SM Aura Bonifacio Global CityFort Bonifacio Taguig CityVAT Reg TIN : 009-074-986-00010MIN : 18112309044511749MSN : 88DPB18030017No. of Guest: 1                         Official Receipt #: 0000000001Terminal No. :   2WALK-IN                                 Cshr: RASHIDA PURGANAN                  ----------------------------------------Qty   Description(s)               Price----------------------------------------DINE IN                                  1.00 1 DOZ GARLIC PARMESAN       369.00 1.00 1 DOZ SALTED EGG            369.00 1.00 1 DOZ SPICY BC              369.00 1.00 Aioli Dip                    25.00 1.00 Blue Cheese Dip              25.00------------------5 item(s)-------------   Sub Total                    1,157.00----------------------------------------TOTAL                           1,157.00Tendered:                                 CASH                           1200.00Change:                            43.00----------------------------------------   Vatable Sales                1,033.04   VAT  12.00%                    123.96   VAT Exempt Sales                 0.00   Zero Rated Sales                 0.00----------------------------------------12/27/2018 11:05:19RE-PRINTName : _________________________________Address : ______________________________TIN : __________________________________Business Style : _______________________Cyber Frontier Electronics Trading Inc.2 Narra Drive Palmera Hts. San JuanCainta RizalVAT Reg TIN.:006-737-173-00000BIR  Accr. No.: 0460067371730006116867Date Issued:03/01/2013Valid Until.: 07/31/2020PTU No : FP092015-044-0054919-00001Date Issued : 12/05/2018Valid Until : 12/04/2023THIS RECEIPT SHALL BE VALID FOR FIVE (5) YEARS FROM THE DATE OF THE PERMIT USE.This serves as an official receipt.Thank you come again!WE DELIVER! www.foodpanda.phwww.frankiesnywings.comFacebook: frankiesnywingsInstagram/Twitter: frankieswings,1594456742"
C:/Users/joman/Documents/GitHub/EasyOCR/trainer/all_data/whole/img/data_valid/thai14_TH_Sarabun_New_Regular.png,"FRANKIE'S NY WINGS INC.Owned & Optd by: Frankie's NY Wings Inc.FS-8 Level 4 SM Aura Bonifacio Global CityFort Bonifacio Taguig CityVAT Reg TIN : 009-074-986-00010MIN : 18112309044511749MSN : 88DPB18030017No. of Guest: 1                         Official Receipt #: 0000000001Terminal No. :   2WALK-IN                                 Cshr: RASHIDA PURGANAN                  ----------------------------------------Qty   Description(s)               Price----------------------------------------DINE IN                                  1.00 1 DOZ GARLIC PARMESAN       369.00 1.00 1 DOZ SALTED EGG            369.00 1.00 1 DOZ SPICY BC              369.00 1.00 Aioli Dip                    25.00 1.00 Blue Cheese Dip              25.00------------------5 item(s)-------------   Sub Total                    1,157.00----------------------------------------TOTAL                           1,157.00Tendered:                                 CASH                           1200.00Change:                            43.00----------------------------------------   Vatable Sales                1,033.04   VAT  12.00%                    123.96   VAT Exempt Sales                 0.00   Zero Rated Sales                 0.00----------------------------------------12/27/2018 11:05:19RE-PRINTName : _________________________________Address : ______________________________TIN : __________________________________Business Style : _______________________Cyber Frontier Electronics Trading Inc.2 Narra Drive Palmera Hts. San JuanCainta RizalVAT Reg TIN.:006-737-173-00000BIR  Accr. No.: 0460067371730006116867Date Issued:03/01/2013Valid Until.: 07/31/2020PTU No : FP092015-044-0054919-00001Date Issued : 12/05/2018Valid Until : 12/04/2023THIS RECEIPT SHALL BE VALID FOR FIVE (5) YEARS FROM THE DATE OF THE PERMIT USE.This serves as an official receipt.Thank you come again!WE DELIVER! www.foodpanda.phwww.frankiesnywings.comFacebook: frankiesnywingsInstagram/Twitter: frankieswings,1594456742"
C:/Users/joman/Documents/GitHub/EasyOCR/trainer/all_data/whole/img/data_valid/thai15_Aksaramatee_Regular.png,"FRANKIE'S NY WINGS INC.Owned & Optd by: Frankie's NY Wings Inc.FS-8 Level 4 SM Aura Bonifacio Global CityFort Bonifacio Taguig CityVAT Reg TIN : 009-074-986-00010MIN : 18112309044511749MSN : 88DPB18030017No. of Guest: 1                         Official Receipt #: 0000000017Terminal No. :   2WALK-IN                                 Cshr: RASHIDA PURGANAN                  ----------------------------------------Qty   Description(s)               Price----------------------------------------DINE IN                                  1.00 French Fries                 90.00 1.00 MOZZARELLA STICKS           140.00 2.00 B.RICE SP AIOLI             398.00     @ 199.00                            1.00 1/2 DOZ SP W/ AIOLI         199.00 1.00 1/2 DOZ GARLIC PARMESAN     199.00 2.00 RICE                         60.00     @ 30.00                             2.00 MINERAL WATER - 500 ML       70.00     @ 35.00                             3.00 SPRITE - 16 OZ              156.00     @ 52.00                            -----------------13 item(s)-------------   Sub Total                    1,312.00----------------------------------------TOTAL                           1,312.00Tendered:                                 CASH                           1500.00Change:                           188.00----------------------------------------   Vatable Sales                1,171.43   VAT  12.00%                    140.57   VAT Exempt Sales                 0.00   Zero Rated Sales                 0.00----------------------------------------12/27/2018 11:24:31RE-PRINTName : _________________________________Address : ______________________________TIN : __________________________________Business Style : _______________________Cyber Frontier Electronics Trading Inc.2 Narra Drive Palmera Hts. San JuanCainta RizalVAT Reg TIN.:006-737-173-00000BIR  Accr. No.: 0460067371730006116867Date Issued:03/01/2013Valid Until.: 07/31/2020PTU No : FP092015-044-0054919-00001Date Issued : 12/05/2018Valid Until : 12/04/2023THIS RECEIPT SHALL BE VALID FOR FIVE (5) YEARS FROM THE DATE OF THE PERMIT USE.This serves as an official receipt.Thank you come again!WE DELIVER! www.foodpanda.phwww.frankiesnywings.comFacebook: frankiesnywingsInstagram/Twitter: frankieswings,1593760979"
C:/Users/joman/Documents/GitHub/EasyOCR/trainer/all_data/whole/img/data_valid/thai15_Athiti_Medium.png,"FRANKIE'S NY WINGS INC.Owned & Optd by: Frankie's NY Wings Inc.FS-8 Level 4 SM Aura Bonifacio Global CityFort Bonifacio Taguig CityVAT Reg TIN : 009-074-986-00010MIN : 18112309044511749MSN : 88DPB18030017No. of Guest: 1                         Official Receipt #: 0000000017Terminal No. :   2WALK-IN                                 Cshr: RASHIDA PURGANAN                  ----------------------------------------Qty   Description(s)               Price----------------------------------------DINE IN                                  1.00 French Fries                 90.00 1.00 MOZZARELLA STICKS           140.00 2.00 B.RICE SP AIOLI             398.00     @ 199.00                            1.00 1/2 DOZ SP W/ AIOLI         199.00 1.00 1/2 DOZ GARLIC PARMESAN     199.00 2.00 RICE                         60.00     @ 30.00                             2.00 MINERAL WATER - 500 ML       70.00     @ 35.00                             3.00 SPRITE - 16 OZ              156.00     @ 52.00                            -----------------13 item(s)-------------   Sub Total                    1,312.00----------------------------------------TOTAL                           1,312.00Tendered:                                 CASH                           1500.00Change:                           188.00----------------------------------------   Vatable Sales                1,171.43   VAT  12.00%                    140.57   VAT Exempt Sales                 0.00   Zero Rated Sales                 0.00----------------------------------------12/27/2018 11:24:31RE-PRINTName : _________________________________Address : ______________________________TIN : __________________________________Business Style : _______________________Cyber Frontier Electronics Trading Inc.2 Narra Drive Palmera Hts. San JuanCainta RizalVAT Reg TIN.:006-737-173-00000BIR  Accr. No.: 0460067371730006116867Date Issued:03/01/2013Valid Until.: 07/31/2020PTU No : FP092015-044-0054919-00001Date Issued : 12/05/2018Valid Until : 12/04/2023THIS RECEIPT SHALL BE VALID FOR FIVE (5) YEARS FROM THE DATE OF THE PERMIT USE.This serves as an official receipt.Thank you come again!WE DELIVER! www.foodpanda.phwww.frankiesnywings.comFacebook: frankiesnywingsInstagram/Twitter: frankieswings,1593760979"
C:/Users/joman/Documents/GitHub/EasyOCR/trainer/all_data/whole/img/data_valid/thai15_ChulaNarak_Regular.png,"FRANKIE'S NY WINGS INC.Owned & Optd by: Frankie's NY Wings Inc.FS-8 Level 4 SM Aura Bonifacio Global CityFort Bonifacio Taguig CityVAT Reg TIN : 009-074-986-00010MIN : 18112309044511749MSN : 88DPB18030017No. of Guest: 1                         Official Receipt #: 0000000017Terminal No. :   2WALK-IN                                 Cshr: RASHIDA PURGANAN                  ----------------------------------------Qty   Description(s)               Price----------------------------------------DINE IN                                  1.00 French Fries                 90.00 1.00 MOZZARELLA STICKS           140.00 2.00 B.RICE SP AIOLI             398.00     @ 199.00                            1.00 1/2 DOZ SP W/ AIOLI         199.00 1.00 1/2 DOZ GARLIC PARMESAN     199.00 2.00 RICE                         60.00     @ 30.00                             2.00 MINERAL WATER - 500 ML       70.00     @ 35.00                             3.00 SPRITE - 16 OZ              156.00     @ 52.00                            -----------------13 item(s)-------------   Sub Total                    1,312.00----------------------------------------TOTAL                           1,312.00Tendered:                                 CASH                           1500.00Change:                           188.00----------------------------------------   Vatable Sales                1,171.43   VAT  12.00%                    140.57   VAT Exempt Sales                 0.00   Zero Rated Sales                 0.00----------------------------------------12/27/2018 11:24:31RE-PRINTName : _________________________________Address : ______________________________TIN : __________________________________Business Style : _______________________Cyber Frontier Electronics Trading Inc.2 Narra Drive Palmera Hts. San JuanCainta RizalVAT Reg TIN.:006-737-173-00000BIR  Accr. No.: 0460067371730006116867Date Issued:03/01/2013Valid Until.: 07/31/2020PTU No : FP092015-044-0054919-00001Date Issued : 12/05/2018Valid Until : 12/04/2023THIS RECEIPT SHALL BE VALID FOR FIVE (5) YEARS FROM THE DATE OF THE PERMIT USE.This serves as an official receipt.Thank you come again!WE DELIVER! www.foodpanda.phwww.frankiesnywings.comFacebook: frankiesnywingsInstagram/Twitter: frankieswings,1593760979"
C:/Users/joman/Documents/GitHub/EasyOCR/trainer/all_data/whole/img/data_valid/thai15_Garuda.png,"FRANKIE'S NY WINGS INC.Owned & Optd by: Frankie's NY Wings Inc.FS-8 Level 4 SM Aura Bonifacio Global CityFort Bonifacio Taguig CityVAT Reg TIN : 009-074-986-00010MIN : 18112309044511749MSN : 88DPB18030017No. of Guest: 1                         Official Receipt #: 0000000017Terminal No. :   2WALK-IN                                 Cshr: RASHIDA PURGANAN                  ----------------------------------------Qty   Description(s)               Price----------------------------------------DINE IN                                  1.00 French Fries                 90.00 1.00 MOZZARELLA STICKS           140.00 2.00 B.RICE SP AIOLI             398.00     @ 199.00                            1.00 1/2 DOZ SP W/ AIOLI         199.00 1.00 1/2 DOZ GARLIC PARMESAN     199.00 2.00 RICE                         60.00     @ 30.00                             2.00 MINERAL WATER - 500 ML       70.00     @ 35.00                             3.00 SPRITE - 16 OZ              156.00     @ 52.00                            -----------------13 item(s)-------------   Sub Total                    1,312.00----------------------------------------TOTAL                           1,312.00Tendered:                                 CASH                           1500.00Change:                           188.00----------------------------------------   Vatable Sales                1,171.43   VAT  12.00%                    140.57   VAT Exempt Sales                 0.00   Zero Rated Sales                 0.00----------------------------------------12/27/2018 11:24:31RE-PRINTName : _________________________________Address : ______________________________TIN : __________________________________Business Style : _______________________Cyber Frontier Electronics Trading Inc.2 Narra Drive Palmera Hts. San JuanCainta RizalVAT Reg TIN.:006-737-173-00000BIR  Accr. No.: 0460067371730006116867Date Issued:03/01/2013Valid Until.: 07/31/2020PTU No : FP092015-044-0054919-00001Date Issued : 12/05/2018Valid Until : 12/04/2023THIS RECEIPT SHALL BE VALID FOR FIVE (5) YEARS FROM THE DATE OF THE PERMIT USE.This serves as an official receipt.Thank you come again!WE DELIVER! www.foodpanda.phwww.frankiesnywings.comFacebook: frankiesnywingsInstagram/Twitter: frankieswings,1593760979"
C:/Users/joman/Documents/GitHub/EasyOCR/trainer/all_data/whole/img/data_valid/thai15_TH_Sarabun_New_Regular.png,"FRANKIE'S NY WINGS INC.Owned & Optd by: Frankie's NY Wings Inc.FS-8 Level 4 SM Aura Bonifacio Global CityFort Bonifacio Taguig CityVAT Reg TIN : 009-074-986-00010MIN : 18112309044511749MSN : 88DPB18030017No. of Guest: 1                         Official Receipt #: 0000000017Terminal No. :   2WALK-IN                                 Cshr: RASHIDA PURGANAN                  ----------------------------------------Qty   Description(s)               Price----------------------------------------DINE IN                                  1.00 French Fries                 90.00 1.00 MOZZARELLA STICKS           140.00 2.00 B.RICE SP AIOLI             398.00     @ 199.00                            1.00 1/2 DOZ SP W/ AIOLI         199.00 1.00 1/2 DOZ GARLIC PARMESAN     199.00 2.00 RICE                         60.00     @ 30.00                             2.00 MINERAL WATER - 500 ML       70.00     @ 35.00                             3.00 SPRITE - 16 OZ              156.00     @ 52.00                            -----------------13 item(s)-------------   Sub Total                    1,312.00----------------------------------------TOTAL                           1,312.00Tendered:                                 CASH                           1500.00Change:                           188.00----------------------------------------   Vatable Sales                1,171.43   VAT  12.00%                    140.57   VAT Exempt Sales                 0.00   Zero Rated Sales                 0.00----------------------------------------12/27/2018 11:24:31RE-PRINTName : _________________________________Address : ______________________________TIN : __________________________________Business Style : _______________________Cyber Frontier Electronics Trading Inc.2 Narra Drive Palmera Hts. San JuanCainta RizalVAT Reg TIN.:006-737-173-00000BIR  Accr. No.: 0460067371730006116867Date Issued:03/01/2013Valid Until.: 07/31/2020PTU No : FP092015-044-0054919-00001Date Issued : 12/05/2018Valid Until : 12/04/2023THIS RECEIPT SHALL BE VALID FOR FIVE (5) YEARS FROM THE DATE OF THE PERMIT USE.This serves as an official receipt.Thank you come again!WE DELIVER! www.foodpanda.phwww.frankiesnywings.comFacebook: frankiesnywingsInstagram/Twitter: frankieswings,1593760979"
